第1筆樂透: 05 08 20 22 30 36
第2筆樂透: 17 18 19 28 40 45
第3筆樂透: 05 08 22 42 45 48
第4筆樂透: 01 05 21 22 42 44
第5筆樂透: 05 20 32 38 46 49
第6筆樂透: 01 03 19 27 28 30
第7筆樂透: 03 10 21 29 46 48
第8筆樂透: 05 15 16 24 30 42
第9筆樂透: 06 15 22 25 35 42
第10筆樂透: 06 16 23 25 36 48
第11筆樂透: 02 03 09 21 32 41
第12筆樂透: 26 29 30 35 36 49
第13筆樂透: 03 08 19 22 28 48
第14筆樂透: 07 29 32 39 40 45
第15筆樂透: 01 17 19 20 36 49
第16筆樂透: 08 22 30 31 34 48
第17筆樂透: 04 11 14 26 36 43
第18筆樂透: 02 14 15 23 27 47
第19筆樂透: 08 21 24 34 36 48
第20筆樂透: 03 15 26 30 37 45
第21筆樂透: 04 34 36 38 39 41
第22筆樂透: 03 12 14 16 20 33
第23筆樂透: 08 14 16 30 34 40
第24筆樂透: 09 11 13 14 20 27
第25筆樂透: 09 13 24 28 31 40
第26筆樂透: 05 13 14 28 34 45
第27筆樂透: 04 05 35 36 38 48
第28筆樂透: 14 21 22 29 43 45
第29筆樂透: 15 27 30 38 44 49
第30筆樂透: 01 05 20 22 32 49
第31筆樂透: 18 28 30 34 36 42
第32筆樂透: 06 07 18 21 39 45
第33筆樂透: 06 18 23 39 45 48
第34筆樂透: 12 28 30 33 37 46
第35筆樂透: 06 12 17 40 43 49
第36筆樂透: 03 09 33 41 48 49
第37筆樂透: 06 08 11 28 36 43
第38筆樂透: 06 12 23 30 45 46
第39筆樂透: 03 06 13 22 26 38
第40筆樂透: 09 19 21 23 39 49
第41筆樂透: 08 09 38 39 45 46
第42筆樂透: 05 11 16 20 28 38
第43筆樂透: 11 19 22 24 30 39
第44筆樂透: 14 16 17 19 25 43
第45筆樂透: 02 29 33 39 43 46
第46筆樂透: 10 28 32 34 35 40
第47筆樂透: 02 05 10 37 41 49
第48筆樂透: 07 18 26 28 30 40
第49筆樂透: 04 05 13 32 41 42
第50筆樂透: 02 16 18 29 44 46
第51筆樂透: 06 21 24 39 42 47
第52筆樂透: 02 07 19 21 23 49
第53筆樂透: 02 10 12 20 39 40
第54筆樂透: 07 13 22 25 28 47
第55筆樂透: 07 08 19 33 38 39
第56筆樂透: 01 10 12 17 38 46
第57筆樂透: 02 03 06 32 33 34
第58筆樂透: 01 14 20 34 42 47
第59筆樂透: 07 20 29 32 44 49
第60筆樂透: 07 25 29 38 40 46
第61筆樂透: 03 08 12 15 28 41
第62筆樂透: 14 16 17 23 35 46
第63筆樂透: 01 04 07 09 37 45
第64筆樂透: 02 06 26 29 38 48
第65筆樂透: 02 13 14 18 23 40
第66筆樂透: 03 14 21 27 31 32
第67筆樂透: 06 13 26 29 30 41
第68筆樂透: 06 14 15 23 26 39
第69筆樂透: 03 14 22 28 32 37
第70筆樂透: 04 19 23 28 31 41
第71筆樂透: 05 15 23 38 48 49
第72筆樂透: 15 23 26 28 37 43
第73筆樂透: 06 07 28 29 34 38
第74筆樂透: 02 07 14 17 31 37
第75筆樂透: 03 24 28 30 32 41
第76筆樂透: 16 17 19 20 32 33
第77筆樂透: 10 16 21 32 38 47
第78筆樂透: 12 14 16 18 26 49
第79筆樂透: 03 06 14 26 29 41
第80筆樂透: 01 02 12 13 35 47
第81筆樂透: 10 12 24 31 40 45
第82筆樂透: 01 03 05 20 21 41
第83筆樂透: 02 14 27 28 31 49
第84筆樂透: 01 08 11 15 40 47
第85筆樂透: 01 02 23 32 39 42
第86筆樂透: 07 14 17 35 45 46
第87筆樂透: 10 13 15 20 21 31
第88筆樂透: 05 10 12 28 33 42
第89筆樂透: 05 06 08 35 38 39
第90筆樂透: 01 14 15 22 47 48
第91筆樂透: 13 25 28 35 39 42
第92筆樂透: 23 31 35 38 40 42
第93筆樂透: 11 20 33 35 46 47
第94筆樂透: 09 22 23 25 27 41
第95筆樂透: 04 07 09 11 15 23
第96筆樂透: 11 18 19 36 43 47
第97筆樂透: 06 16 17 19 32 35
第98筆樂透: 03 08 11 20 26 38
第99筆樂透: 02 10 18 19 31 45
第100筆樂透: 15 18 28 32 43 45
