第1筆樂透: 08 18 21 22 30 34
第2筆樂透: 05 12 20 33 44 49
第3筆樂透: 02 04 08 12 16 25
第4筆樂透: 01 05 19 20 32 33
第5筆樂透: 03 09 15 22 27 43
第6筆樂透: 05 23 27 28 42 43
第7筆樂透: 02 08 17 24 25 48
第8筆樂透: 12 14 25 27 38 43
第9筆樂透: 07 13 19 21 34 46
第10筆樂透: 01 05 10 14 20 21
第11筆樂透: 23 24 27 28 31 44
第12筆樂透: 03 06 11 12 17 41
第13筆樂透: 01 05 08 25 36 46
第14筆樂透: 02 04 18 24 28 31
第15筆樂透: 11 16 22 42 45 48
第16筆樂透: 04 18 28 31 37 49
第17筆樂透: 24 31 36 37 41 45
第18筆樂透: 12 20 40 41 47 48
第19筆樂透: 10 11 14 17 26 33
第20筆樂透: 04 05 14 21 33 34
第21筆樂透: 20 27 30 35 44 46
第22筆樂透: 12 20 23 34 41 43
第23筆樂透: 04 08 19 23 28 43
第24筆樂透: 09 17 18 22 28 29
第25筆樂透: 06 11 26 35 44 49
第26筆樂透: 20 23 29 43 45 48
第27筆樂透: 01 03 11 13 20 34
第28筆樂透: 05 06 20 27 34 49
第29筆樂透: 07 13 15 24 36 39
第30筆樂透: 12 14 28 36 39 42
第31筆樂透: 17 21 23 27 38 49
第32筆樂透: 05 10 24 25 28 33
第33筆樂透: 10 11 24 26 27 46
第34筆樂透: 09 11 24 38 41 44
第35筆樂透: 29 34 39 41 47 48
第36筆樂透: 12 21 22 46 47 48
第37筆樂透: 03 04 16 25 43 49
第38筆樂透: 01 10 17 27 33 38
第39筆樂透: 02 04 09 13 15 31
第40筆樂透: 05 11 18 36 39 49
第41筆樂透: 15 16 32 41 42 44
第42筆樂透: 05 12 15 32 35 38
第43筆樂透: 06 20 24 26 32 34
第44筆樂透: 10 12 15 32 45 46
第45筆樂透: 12 15 21 25 31 43
第46筆樂透: 05 12 20 39 40 43
第47筆樂透: 15 30 39 42 43 44
第48筆樂透: 02 09 12 16 28 32
第49筆樂透: 11 12 21 25 29 34
第50筆樂透: 05 09 20 25 30 44
第51筆樂透: 18 20 25 29 46 48
第52筆樂透: 04 20 26 34 38 45
第53筆樂透: 04 06 19 37 45 47
第54筆樂透: 08 18 41 44 45 47
第55筆樂透: 06 21 23 35 46 47
第56筆樂透: 02 07 08 13 26 48
第57筆樂透: 01 10 19 26 45 49
第58筆樂透: 06 24 28 29 42 46
第59筆樂透: 04 18 23 24 27 36
第60筆樂透: 14 22 38 42 43 44
第61筆樂透: 07 10 13 19 36 41
第62筆樂透: 18 23 31 34 38 44
第63筆樂透: 16 19 23 25 26 37
第64筆樂透: 06 15 18 24 48 49
第65筆樂透: 11 19 20 27 42 44
第66筆樂透: 09 10 13 19 28 45
第67筆樂透: 11 16 21 24 37 42
第68筆樂透: 06 08 12 23 30 44
第69筆樂透: 06 09 16 24 27 45
第70筆樂透: 05 09 14 23 25 39
第71筆樂透: 03 11 18 33 36 42
第72筆樂透: 01 04 18 32 41 44
第73筆樂透: 01 02 10 12 20 35
第74筆樂透: 04 28 32 38 39 43
第75筆樂透: 04 30 33 40 47 49
第76筆樂透: 04 09 14 29 36 43
第77筆樂透: 17 20 29 30 34 38
第78筆樂透: 02 24 26 29 31 49
第79筆樂透: 08 13 33 39 43 44
第80筆樂透: 01 05 29 39 44 47
第81筆樂透: 15 34 38 39 42 48
第82筆樂透: 12 18 19 24 35 40
第83筆樂透: 18 22 27 35 40 48
第84筆樂透: 08 09 15 29 34 36
第85筆樂透: 06 22 26 36 38 40
第86筆樂透: 28 29 32 36 42 45
第87筆樂透: 12 17 30 32 34 41
第88筆樂透: 14 15 20 22 38 47
第89筆樂透: 13 16 22 24 33 41
第90筆樂透: 09 14 33 37 42 44
第91筆樂透: 18 34 36 38 45 49
第92筆樂透: 02 08 09 11 25 40
第93筆樂透: 04 26 33 37 41 47
第94筆樂透: 01 05 09 12 27 30
第95筆樂透: 15 24 25 29 33 42
第96筆樂透: 13 14 19 20 35 40
第97筆樂透: 08 11 27 35 41 46
第98筆樂透: 04 19 24 28 33 37
第99筆樂透: 07 10 19 24 29 31
第100筆樂透: 01 08 21 29 38 49
