第1筆樂透: 10 14 20 40 43 45
第2筆樂透: 06 08 32 38 46 48
第3筆樂透: 05 20 23 33 41 45
第4筆樂透: 02 05 13 18 23 43
第5筆樂透: 05 14 18 42 45 48
第6筆樂透: 08 18 23 41 43 49
第7筆樂透: 10 12 13 14 21 29
第8筆樂透: 02 04 12 35 41 43
第9筆樂透: 14 17 29 32 40 49
第10筆樂透: 04 15 27 34 45 48
第11筆樂透: 01 06 14 36 42 48
第12筆樂透: 16 20 22 25 43 48
第13筆樂透: 02 07 09 41 44 49
第14筆樂透: 06 12 21 25 36 43
第15筆樂透: 02 08 12 27 33 48
第16筆樂透: 08 10 12 13 35 43
第17筆樂透: 04 06 07 15 17 28
第18筆樂透: 07 09 15 25 41 42
第19筆樂透: 05 10 11 13 27 28
第20筆樂透: 10 23 25 29 33 40
第21筆樂透: 12 14 18 24 31 37
第22筆樂透: 16 17 22 37 44 48
第23筆樂透: 01 19 21 26 28 41
第24筆樂透: 06 11 17 33 38 42
第25筆樂透: 03 06 07 15 33 42
第26筆樂透: 17 28 33 40 47 49
第27筆樂透: 05 14 18 29 35 45
第28筆樂透: 09 14 16 24 26 35
第29筆樂透: 03 11 14 21 30 38
第30筆樂透: 06 10 24 40 46 48
第31筆樂透: 09 10 12 19 27 43
第32筆樂透: 01 14 15 18 28 31
第33筆樂透: 27 29 33 34 40 43
第34筆樂透: 08 10 11 12 31 33
第35筆樂透: 04 07 11 22 39 45
第36筆樂透: 04 24 25 29 48 49
第37筆樂透: 05 13 15 17 25 40
第38筆樂透: 06 07 10 22 23 48
第39筆樂透: 01 16 19 27 38 39
第40筆樂透: 09 11 17 21 23 33
第41筆樂透: 03 15 24 31 41 42
第42筆樂透: 05 07 10 27 44 47
第43筆樂透: 04 14 22 23 29 49
第44筆樂透: 04 08 32 36 37 48
第45筆樂透: 06 14 24 27 44 46
第46筆樂透: 04 20 27 29 41 46
第47筆樂透: 14 21 29 32 44 45
第48筆樂透: 06 20 24 39 40 49
第49筆樂透: 07 08 13 16 25 40
第50筆樂透: 18 22 30 42 43 46
第51筆樂透: 10 15 22 26 27 32
第52筆樂透: 12 16 25 32 42 46
第53筆樂透: 02 15 17 18 20 33
第54筆樂透: 01 06 22 25 33 40
第55筆樂透: 05 20 22 31 40 49
第56筆樂透: 07 22 31 37 40 46
第57筆樂透: 22 31 40 44 45 47
第58筆樂透: 24 25 29 32 35 36
第59筆樂透: 13 18 25 37 38 41
第60筆樂透: 01 05 22 23 30 40
第61筆樂透: 06 08 26 30 37 40
第62筆樂透: 06 18 23 29 45 46
第63筆樂透: 12 14 17 27 46 49
第64筆樂透: 08 15 30 38 45 49
第65筆樂透: 16 21 26 27 45 49
第66筆樂透: 02 14 22 24 27 33
第67筆樂透: 03 14 26 32 46 49
第68筆樂透: 01 03 26 29 38 42
第69筆樂透: 01 11 15 29 43 48
第70筆樂透: 06 11 12 27 36 41
第71筆樂透: 05 06 19 25 29 41
第72筆樂透: 02 07 08 12 18 27
第73筆樂透: 06 11 21 22 33 42
第74筆樂透: 19 20 23 24 27 35
第75筆樂透: 07 11 14 23 43 48
第76筆樂透: 08 10 13 17 29 37
第77筆樂透: 10 26 27 28 32 38
第78筆樂透: 03 04 28 29 38 45
第79筆樂透: 08 12 25 26 28 37
第80筆樂透: 12 14 27 32 41 49
第81筆樂透: 10 22 35 36 46 47
第82筆樂透: 04 15 24 27 30 48
第83筆樂透: 10 22 23 24 26 39
第84筆樂透: 01 04 17 18 22 41
第85筆樂透: 02 06 11 32 40 46
第86筆樂透: 06 15 33 36 47 48
第87筆樂透: 07 24 26 29 33 36
第88筆樂透: 07 15 27 31 40 47
第89筆樂透: 01 02 05 08 41 48
第90筆樂透: 19 22 38 40 42 49
第91筆樂透: 18 19 29 38 39 47
第92筆樂透: 03 06 18 21 31 39
第93筆樂透: 01 05 20 21 26 43
第94筆樂透: 20 27 28 29 34 45
第95筆樂透: 04 09 18 22 46 48
第96筆樂透: 23 36 38 41 43 44
第97筆樂透: 17 22 24 28 32 41
第98筆樂透: 16 17 24 31 38 39
第99筆樂透: 03 25 26 36 43 48
第100筆樂透: 07 11 18 40 44 46
