第1筆樂透: 04 13 17 28 43 48
第2筆樂透: 07 24 33 34 46 48
第3筆樂透: 06 13 18 23 27 47
第4筆樂透: 06 09 15 20 26 46
第5筆樂透: 10 27 29 37 44 49
第6筆樂透: 09 11 16 19 26 36
第7筆樂透: 11 13 17 34 35 46
第8筆樂透: 08 17 21 23 30 49
第9筆樂透: 05 07 09 22 39 47
第10筆樂透: 03 12 13 24 32 42
第11筆樂透: 05 15 16 19 24 49
第12筆樂透: 10 18 21 29 30 32
第13筆樂透: 04 07 14 21 39 40
第14筆樂透: 17 23 31 34 42 45
第15筆樂透: 13 14 18 22 24 31
第16筆樂透: 06 09 16 17 23 26
第17筆樂透: 03 13 14 27 28 41
第18筆樂透: 09 11 18 29 30 48
第19筆樂透: 14 26 33 35 37 46
第20筆樂透: 08 10 14 24 37 44
第21筆樂透: 02 04 09 12 18 45
第22筆樂透: 04 17 24 46 47 48
第23筆樂透: 05 11 14 21 29 31
第24筆樂透: 13 20 23 26 30 34
第25筆樂透: 03 21 25 28 41 48
第26筆樂透: 01 08 17 25 38 43
第27筆樂透: 13 16 18 27 31 40
第28筆樂透: 16 17 19 25 26 40
第29筆樂透: 04 17 22 44 45 48
第30筆樂透: 23 24 32 38 39 42
第31筆樂透: 03 12 24 26 27 48
第32筆樂透: 02 05 17 39 44 46
第33筆樂透: 01 06 24 34 42 46
第34筆樂透: 11 14 16 24 33 44
第35筆樂透: 04 05 21 26 47 48
第36筆樂透: 14 27 31 40 41 42
第37筆樂透: 09 13 19 21 24 49
第38筆樂透: 01 14 22 30 31 39
第39筆樂透: 06 11 17 23 25 42
第40筆樂透: 09 17 19 33 47 48
第41筆樂透: 02 04 22 30 31 35
第42筆樂透: 22 25 26 40 47 49
第43筆樂透: 17 23 25 29 36 41
第44筆樂透: 30 35 36 37 42 49
第45筆樂透: 04 11 25 32 34 44
第46筆樂透: 27 31 34 43 47 48
第47筆樂透: 08 27 39 40 44 49
第48筆樂透: 05 19 28 31 38 42
第49筆樂透: 02 08 10 21 22 33
第50筆樂透: 06 17 31 38 40 47
第51筆樂透: 13 17 27 28 31 35
第52筆樂透: 12 16 18 21 40 46
第53筆樂透: 10 21 26 35 40 48
第54筆樂透: 18 20 30 36 43 45
第55筆樂透: 01 11 13 16 32 43
第56筆樂透: 02 12 22 37 45 49
第57筆樂透: 10 13 14 17 21 37
第58筆樂透: 03 04 18 20 33 35
第59筆樂透: 09 12 20 45 46 49
第60筆樂透: 12 13 18 26 47 49
第61筆樂透: 12 13 15 24 27 42
第62筆樂透: 01 09 13 31 35 41
第63筆樂透: 10 15 32 41 44 47
第64筆樂透: 10 18 36 37 41 46
第65筆樂透: 03 06 27 36 47 48
第66筆樂透: 02 20 23 33 43 46
第67筆樂透: 02 13 25 40 42 43
第68筆樂透: 10 32 35 38 43 47
第69筆樂透: 06 15 22 26 36 38
第70筆樂透: 02 13 17 24 30 36
第71筆樂透: 03 18 33 35 37 44
第72筆樂透: 02 06 08 10 12 16
第73筆樂透: 13 18 30 32 39 45
第74筆樂透: 11 12 25 29 35 43
第75筆樂透: 04 05 07 08 13 17
第76筆樂透: 10 17 25 28 30 46
第77筆樂透: 09 15 24 26 35 39
第78筆樂透: 02 13 14 32 41 49
第79筆樂透: 05 06 17 20 29 32
第80筆樂透: 19 26 29 32 37 46
第81筆樂透: 13 19 27 28 35 43
第82筆樂透: 05 13 16 24 37 48
第83筆樂透: 06 14 18 22 34 36
第84筆樂透: 05 20 26 27 47 48
第85筆樂透: 10 12 14 15 22 26
第86筆樂透: 08 24 28 41 42 49
第87筆樂透: 12 13 19 23 32 44
第88筆樂透: 12 13 16 34 36 38
第89筆樂透: 03 11 23 36 45 47
第90筆樂透: 06 12 20 28 30 42
第91筆樂透: 02 09 13 26 39 42
第92筆樂透: 02 10 12 13 19 38
第93筆樂透: 14 15 20 31 35 48
第94筆樂透: 03 06 23 34 41 48
第95筆樂透: 04 08 10 25 26 42
第96筆樂透: 04 14 24 28 46 48
第97筆樂透: 06 09 15 17 26 37
第98筆樂透: 07 10 30 42 45 48
第99筆樂透: 18 34 39 40 41 42
第100筆樂透: 03 06 12 17 20 40
