第1筆樂透: 02 08 11 21 26 46
第2筆樂透: 01 02 14 29 31 41
第3筆樂透: 01 31 32 33 35 49
第4筆樂透: 06 12 16 28 33 40
第5筆樂透: 02 07 15 17 25 29
第6筆樂透: 02 04 17 37 38 49
第7筆樂透: 03 04 07 22 29 36
第8筆樂透: 08 10 32 35 38 41
第9筆樂透: 15 19 39 42 44 47
第10筆樂透: 01 13 20 30 43 49
第11筆樂透: 04 09 24 29 43 45
第12筆樂透: 01 10 20 34 35 36
第13筆樂透: 01 10 11 17 26 45
第14筆樂透: 01 18 24 26 28 31
第15筆樂透: 09 10 26 29 34 47
第16筆樂透: 03 08 16 17 23 48
第17筆樂透: 15 20 41 46 47 48
第18筆樂透: 02 08 14 31 34 44
第19筆樂透: 04 32 39 40 46 47
第20筆樂透: 16 21 24 28 38 47
第21筆樂透: 10 14 31 32 39 48
第22筆樂透: 12 16 23 26 29 44
第23筆樂透: 01 13 15 35 39 46
第24筆樂透: 10 18 29 32 35 48
第25筆樂透: 08 15 19 36 39 40
第26筆樂透: 10 14 18 35 40 42
第27筆樂透: 01 06 21 27 42 47
第28筆樂透: 07 14 22 26 30 47
第29筆樂透: 05 22 28 30 44 46
第30筆樂透: 02 04 23 29 34 41
第31筆樂透: 01 02 18 36 41 45
第32筆樂透: 09 14 27 32 36 40
第33筆樂透: 08 09 10 23 36 42
第34筆樂透: 11 15 20 32 48 49
第35筆樂透: 05 13 16 25 45 47
第36筆樂透: 08 14 16 20 32 43
第37筆樂透: 07 14 26 44 46 48
第38筆樂透: 02 06 13 26 31 46
第39筆樂透: 01 06 14 25 35 41
第40筆樂透: 14 17 20 23 35 47
第41筆樂透: 05 07 28 33 39 42
第42筆樂透: 12 15 16 19 28 38
第43筆樂透: 04 08 19 29 33 38
第44筆樂透: 13 19 21 23 28 49
第45筆樂透: 03 08 13 16 39 40
第46筆樂透: 05 19 35 36 38 49
第47筆樂透: 04 06 12 17 38 47
第48筆樂透: 09 22 24 30 39 44
第49筆樂透: 02 07 08 24 27 47
第50筆樂透: 08 10 12 13 32 42
第51筆樂透: 03 07 28 29 33 38
第52筆樂透: 08 10 11 24 37 41
第53筆樂透: 03 09 10 12 27 37
第54筆樂透: 04 11 17 19 28 44
第55筆樂透: 04 05 09 22 44 49
第56筆樂透: 01 03 06 25 28 45
第57筆樂透: 08 09 16 35 45 49
第58筆樂透: 03 04 19 32 36 49
第59筆樂透: 04 29 33 38 46 49
第60筆樂透: 10 13 21 22 35 41
第61筆樂透: 05 15 27 39 40 41
第62筆樂透: 03 10 17 25 26 41
第63筆樂透: 14 15 18 27 37 46
第64筆樂透: 13 20 24 26 29 47
第65筆樂透: 02 23 28 35 38 46
第66筆樂透: 01 10 12 17 29 34
第67筆樂透: 11 25 27 30 36 47
第68筆樂透: 02 06 15 25 30 43
第69筆樂透: 09 11 27 29 34 40
第70筆樂透: 01 07 19 27 28 48
第71筆樂透: 04 15 18 28 30 34
第72筆樂透: 11 14 24 37 38 48
第73筆樂透: 03 07 21 32 38 46
第74筆樂透: 09 29 33 44 48 49
第75筆樂透: 03 12 13 15 17 28
第76筆樂透: 07 16 21 22 24 30
第77筆樂透: 07 08 22 29 36 46
第78筆樂透: 12 15 21 28 33 39
第79筆樂透: 01 06 21 33 42 49
第80筆樂透: 13 14 23 25 41 43
第81筆樂透: 02 06 07 08 37 46
第82筆樂透: 05 14 21 25 37 46
第83筆樂透: 09 16 22 28 34 45
第84筆樂透: 20 22 26 27 32 38
第85筆樂透: 05 09 16 22 32 48
第86筆樂透: 02 15 16 19 20 46
第87筆樂透: 12 15 25 32 36 44
第88筆樂透: 08 21 28 35 36 39
第89筆樂透: 07 21 27 32 35 47
第90筆樂透: 10 13 21 22 40 47
第91筆樂透: 11 15 16 35 42 46
第92筆樂透: 01 12 25 26 34 43
第93筆樂透: 09 13 14 20 43 47
第94筆樂透: 15 21 26 39 48 49
第95筆樂透: 02 04 21 28 29 49
第96筆樂透: 10 13 21 23 40 49
第97筆樂透: 18 29 31 37 38 39
第98筆樂透: 02 05 07 13 42 48
第99筆樂透: 05 11 13 15 18 28
第100筆樂透: 06 08 09 17 32 35
