第1筆樂透: 02 16 20 27 32 41
第2筆樂透: 15 24 25 37 38 41
第3筆樂透: 01 03 27 30 39 49
第4筆樂透: 14 16 20 21 31 38
第5筆樂透: 04 13 15 16 24 25
第6筆樂透: 01 13 21 25 39 45
第7筆樂透: 13 19 23 27 34 46
第8筆樂透: 06 07 21 34 36 48
第9筆樂透: 02 07 33 35 36 48
第10筆樂透: 10 26 28 31 39 40
第11筆樂透: 01 04 22 26 35 44
第12筆樂透: 08 34 37 38 44 49
第13筆樂透: 01 10 14 17 30 44
第14筆樂透: 01 13 25 30 37 45
第15筆樂透: 01 14 22 33 37 49
第16筆樂透: 08 12 19 37 38 47
第17筆樂透: 04 06 07 23 24 31
第18筆樂透: 25 27 35 38 39 40
第19筆樂透: 01 26 28 34 40 44
第20筆樂透: 01 04 09 18 22 28
第21筆樂透: 06 10 29 43 44 49
第22筆樂透: 01 03 05 11 41 49
第23筆樂透: 03 11 12 16 18 36
第24筆樂透: 04 08 15 19 38 44
第25筆樂透: 18 19 30 32 33 45
第26筆樂透: 01 03 04 17 19 36
第27筆樂透: 19 22 35 37 38 47
第28筆樂透: 08 29 35 41 44 47
第29筆樂透: 12 20 24 25 26 44
第30筆樂透: 05 25 32 45 47 49
第31筆樂透: 11 22 24 26 32 49
第32筆樂透: 01 10 26 27 31 48
第33筆樂透: 15 24 32 37 42 44
第34筆樂透: 12 13 18 26 31 35
第35筆樂透: 08 22 25 40 45 46
第36筆樂透: 04 12 31 32 38 48
第37筆樂透: 04 11 29 33 37 41
第38筆樂透: 11 15 28 33 34 46
第39筆樂透: 14 17 20 25 43 47
第40筆樂透: 07 24 27 33 34 40
第41筆樂透: 05 13 23 27 30 31
第42筆樂透: 08 16 21 22 33 40
第43筆樂透: 14 17 26 34 35 48
第44筆樂透: 11 26 28 36 40 41
第45筆樂透: 02 09 36 38 41 47
第46筆樂透: 02 10 13 22 43 46
第47筆樂透: 07 09 11 18 19 27
第48筆樂透: 02 14 18 20 40 42
第49筆樂透: 09 13 21 34 39 41
第50筆樂透: 05 07 14 23 25 49
第51筆樂透: 03 31 39 42 44 47
第52筆樂透: 09 16 21 25 27 43
第53筆樂透: 09 21 29 30 43 49
第54筆樂透: 01 18 33 37 38 46
第55筆樂透: 02 09 23 29 39 44
第56筆樂透: 13 22 24 27 29 33
第57筆樂透: 10 16 18 25 26 45
第58筆樂透: 16 25 27 33 35 41
第59筆樂透: 01 14 16 31 39 48
第60筆樂透: 05 28 32 45 48 49
第61筆樂透: 12 16 17 32 38 43
第62筆樂透: 09 11 16 21 31 36
第63筆樂透: 11 21 27 28 33 43
第64筆樂透: 19 35 39 41 47 48
第65筆樂透: 04 09 27 28 31 36
第66筆樂透: 08 11 14 34 38 40
第67筆樂透: 07 18 19 21 32 42
第68筆樂透: 02 13 25 28 45 47
第69筆樂透: 10 11 22 33 35 43
第70筆樂透: 12 25 36 38 41 47
第71筆樂透: 10 17 31 41 45 46
第72筆樂透: 05 09 14 15 19 24
第73筆樂透: 01 27 31 40 43 46
第74筆樂透: 14 15 20 24 26 47
第75筆樂透: 23 24 25 30 31 41
第76筆樂透: 06 12 26 27 35 47
第77筆樂透: 04 12 20 27 30 45
第78筆樂透: 03 10 14 20 40 47
第79筆樂透: 02 10 17 24 29 37
第80筆樂透: 01 14 17 18 29 30
第81筆樂透: 03 14 25 30 42 44
第82筆樂透: 01 08 14 15 23 37
第83筆樂透: 09 24 32 37 39 44
第84筆樂透: 08 14 21 31 36 39
第85筆樂透: 01 02 20 23 29 35
第86筆樂透: 05 07 09 16 17 18
第87筆樂透: 15 23 36 37 38 40
第88筆樂透: 03 06 16 18 27 29
第89筆樂透: 09 16 17 18 35 39
第90筆樂透: 03 25 26 33 44 45
第91筆樂透: 03 11 15 18 38 45
第92筆樂透: 05 12 28 29 37 44
第93筆樂透: 08 10 21 28 29 41
第94筆樂透: 04 13 24 34 39 46
第95筆樂透: 01 04 18 27 37 41
第96筆樂透: 01 09 25 42 47 48
第97筆樂透: 06 13 14 22 24 38
第98筆樂透: 21 27 29 35 40 43
第99筆樂透: 05 16 17 26 32 43
第100筆樂透: 03 16 41 45 46 49
