第1筆樂透: 05 11 31 35 46 48
第2筆樂透: 03 22 24 37 43 46
第3筆樂透: 04 07 10 25 35 39
第4筆樂透: 02 13 15 20 30 35
第5筆樂透: 15 20 21 28 40 44
第6筆樂透: 07 16 23 38 40 48
第7筆樂透: 20 28 30 37 42 47
第8筆樂透: 03 16 28 30 40 41
第9筆樂透: 08 10 27 33 34 47
第10筆樂透: 04 11 22 29 34 49
第11筆樂透: 03 11 31 37 40 42
第12筆樂透: 13 25 31 39 43 46
第13筆樂透: 08 22 23 28 34 45
第14筆樂透: 08 18 22 25 34 44
第15筆樂透: 06 11 23 34 36 42
第16筆樂透: 03 15 21 26 38 44
第17筆樂透: 12 18 20 21 24 28
第18筆樂透: 02 12 16 27 32 37
第19筆樂透: 02 09 19 20 22 49
第20筆樂透: 01 07 08 15 35 43
第21筆樂透: 12 16 19 32 35 42
第22筆樂透: 15 17 27 29 34 46
第23筆樂透: 09 17 19 36 39 48
第24筆樂透: 02 12 13 24 25 29
第25筆樂透: 19 23 24 32 33 39
第26筆樂透: 07 16 18 24 25 38
第27筆樂透: 06 10 14 15 18 31
第28筆樂透: 11 13 20 23 30 43
第29筆樂透: 01 03 23 25 47 48
第30筆樂透: 07 08 15 24 44 45
第31筆樂透: 26 34 36 41 47 48
第32筆樂透: 15 16 38 45 46 49
第33筆樂透: 16 18 22 23 34 36
第34筆樂透: 04 17 22 27 31 44
第35筆樂透: 10 11 13 39 44 45
第36筆樂透: 10 20 26 31 43 46
第37筆樂透: 01 15 16 17 20 45
第38筆樂透: 07 11 15 24 34 44
第39筆樂透: 01 02 10 21 33 41
第40筆樂透: 08 22 24 39 43 49
第41筆樂透: 10 13 21 27 30 34
第42筆樂透: 03 12 30 37 38 43
第43筆樂透: 13 17 19 20 22 26
第44筆樂透: 10 15 16 25 26 32
第45筆樂透: 16 22 23 30 31 46
第46筆樂透: 08 20 24 45 46 47
第47筆樂透: 06 08 16 35 45 47
第48筆樂透: 02 04 16 20 23 29
第49筆樂透: 07 10 14 25 30 40
第50筆樂透: 05 15 24 25 45 48
第51筆樂透: 09 20 29 37 38 42
第52筆樂透: 14 19 21 24 34 38
第53筆樂透: 17 18 21 27 42 47
第54筆樂透: 01 11 14 15 17 39
第55筆樂透: 07 18 28 34 40 42
第56筆樂透: 08 19 20 27 29 35
第57筆樂透: 10 11 21 34 48 49
第58筆樂透: 02 12 27 28 39 41
第59筆樂透: 07 09 26 32 35 39
第60筆樂透: 06 10 17 18 40 42
第61筆樂透: 02 06 24 27 36 44
第62筆樂透: 07 10 12 34 41 43
第63筆樂透: 20 21 23 33 39 45
第64筆樂透: 02 14 22 29 41 42
第65筆樂透: 05 09 41 42 43 46
第66筆樂透: 17 21 26 30 34 46
第67筆樂透: 12 17 19 20 37 44
第68筆樂透: 06 20 24 32 34 47
第69筆樂透: 03 06 18 34 35 47
第70筆樂透: 05 09 13 28 38 48
第71筆樂透: 06 07 16 25 34 39
第72筆樂透: 08 21 26 27 37 45
第73筆樂透: 08 27 30 31 46 48
第74筆樂透: 06 09 13 14 17 47
第75筆樂透: 13 14 20 23 27 28
第76筆樂透: 02 10 29 34 41 42
第77筆樂透: 07 10 19 27 42 47
第78筆樂透: 01 05 25 36 46 49
第79筆樂透: 08 25 28 31 37 41
第80筆樂透: 12 24 25 29 30 44
第81筆樂透: 08 10 12 34 38 41
第82筆樂透: 04 15 27 29 39 40
第83筆樂透: 05 22 36 37 44 45
第84筆樂透: 03 09 14 19 37 41
第85筆樂透: 19 23 24 30 32 38
第86筆樂透: 04 12 30 35 44 45
第87筆樂透: 07 14 32 37 44 45
第88筆樂透: 04 05 14 20 25 36
第89筆樂透: 11 12 20 21 33 40
第90筆樂透: 02 03 20 26 29 39
第91筆樂透: 09 11 13 18 39 40
第92筆樂透: 12 23 28 38 41 46
第93筆樂透: 01 02 18 21 26 27
第94筆樂透: 08 18 20 21 23 25
第95筆樂透: 21 26 37 39 40 47
第96筆樂透: 08 12 21 31 36 44
第97筆樂透: 02 06 10 24 27 39
第98筆樂透: 08 09 24 34 38 44
第99筆樂透: 13 15 22 36 41 44
第100筆樂透: 03 11 12 27 30 33
