第1筆樂透: 09 18 21 22 40 45
第2筆樂透: 17 20 23 36 40 44
第3筆樂透: 12 19 20 35 37 49
第4筆樂透: 04 08 14 17 31 39
第5筆樂透: 04 23 25 26 33 44
第6筆樂透: 05 09 12 22 24 45
第7筆樂透: 16 17 18 25 43 49
第8筆樂透: 01 08 12 31 37 39
第9筆樂透: 21 23 24 28 40 48
第10筆樂透: 03 05 10 41 46 49
第11筆樂透: 09 13 23 24 25 47
第12筆樂透: 10 12 16 19 28 37
第13筆樂透: 06 21 22 25 39 41
第14筆樂透: 03 07 08 16 48 49
第15筆樂透: 02 08 15 18 20 27
第16筆樂透: 01 15 31 40 44 46
第17筆樂透: 03 10 14 27 34 41
第18筆樂透: 22 30 33 38 39 41
第19筆樂透: 30 34 38 44 46 48
第20筆樂透: 11 24 32 43 48 49
第21筆樂透: 01 17 19 20 34 47
第22筆樂透: 01 12 24 26 32 38
第23筆樂透: 05 13 14 31 42 44
第24筆樂透: 01 06 25 29 37 40
第25筆樂透: 06 14 15 23 31 38
第26筆樂透: 04 05 07 18 27 48
第27筆樂透: 05 10 31 32 37 41
第28筆樂透: 04 16 21 28 47 49
第29筆樂透: 03 10 11 34 45 48
第30筆樂透: 03 12 21 25 37 45
第31筆樂透: 04 06 17 28 30 31
第32筆樂透: 32 33 41 44 45 46
第33筆樂透: 04 09 11 17 40 43
第34筆樂透: 02 10 31 38 42 43
第35筆樂透: 04 06 19 20 25 32
第36筆樂透: 16 18 22 24 26 35
第37筆樂透: 10 17 25 37 42 43
第38筆樂透: 11 12 13 22 37 46
第39筆樂透: 13 25 33 38 41 42
第40筆樂透: 25 31 37 40 42 48
第41筆樂透: 16 26 33 38 39 46
第42筆樂透: 05 06 17 28 32 36
第43筆樂透: 12 21 31 33 41 45
第44筆樂透: 11 19 21 26 36 41
第45筆樂透: 03 05 27 29 33 37
第46筆樂透: 12 20 31 35 43 44
第47筆樂透: 05 19 28 38 43 47
第48筆樂透: 04 23 33 37 40 46
第49筆樂透: 02 05 22 24 33 34
第50筆樂透: 02 23 28 29 36 47
第51筆樂透: 04 07 16 38 39 42
第52筆樂透: 06 09 21 43 45 46
第53筆樂透: 08 25 30 37 42 45
第54筆樂透: 01 07 14 16 26 43
第55筆樂透: 02 09 12 30 35 36
第56筆樂透: 01 06 07 33 39 43
第57筆樂透: 04 06 20 37 41 42
第58筆樂透: 02 10 26 28 33 35
第59筆樂透: 04 06 09 13 43 48
第60筆樂透: 05 06 16 27 32 46
第61筆樂透: 04 26 29 30 31 36
第62筆樂透: 06 16 23 29 31 34
第63筆樂透: 12 16 18 32 34 45
第64筆樂透: 05 20 23 40 42 46
第65筆樂透: 03 12 17 21 27 46
第66筆樂透: 10 12 30 33 36 37
第67筆樂透: 04 07 25 28 47 49
第68筆樂透: 01 15 21 37 39 46
第69筆樂透: 05 16 27 30 33 46
第70筆樂透: 03 06 13 36 40 47
第71筆樂透: 03 23 24 37 38 48
第72筆樂透: 06 23 28 29 37 47
第73筆樂透: 12 15 25 28 39 40
第74筆樂透: 10 16 32 41 43 45
第75筆樂透: 04 16 29 41 42 46
第76筆樂透: 24 25 29 40 42 43
第77筆樂透: 06 08 20 24 31 49
第78筆樂透: 01 04 13 17 25 35
第79筆樂透: 08 17 21 28 34 41
第80筆樂透: 05 14 15 19 30 45
第81筆樂透: 21 23 24 27 45 48
第82筆樂透: 12 13 19 26 28 38
第83筆樂透: 03 17 33 44 48 49
第84筆樂透: 05 28 36 42 47 49
第85筆樂透: 09 17 32 38 41 46
第86筆樂透: 12 13 29 30 40 43
第87筆樂透: 04 17 24 32 34 40
第88筆樂透: 02 08 31 38 43 44
第89筆樂透: 11 21 25 38 39 41
第90筆樂透: 09 14 17 20 21 41
第91筆樂透: 01 03 10 18 23 49
第92筆樂透: 16 21 23 24 38 39
第93筆樂透: 05 06 09 34 39 47
第94筆樂透: 05 07 21 32 35 36
第95筆樂透: 03 09 17 31 38 45
第96筆樂透: 11 13 21 28 29 46
第97筆樂透: 06 10 24 35 39 44
第98筆樂透: 08 10 19 30 33 36
第99筆樂透: 03 11 13 41 42 46
第100筆樂透: 03 15 26 29 32 38
