第1筆樂透: 21 23 29 31 48 49
第2筆樂透: 10 24 33 35 42 47
第3筆樂透: 05 27 28 32 36 47
第4筆樂透: 01 06 12 25 41 42
第5筆樂透: 01 10 41 42 43 48
第6筆樂透: 01 09 31 40 44 48
第7筆樂透: 01 15 21 34 38 46
第8筆樂透: 08 22 23 36 42 49
第9筆樂透: 03 08 14 22 46 49
第10筆樂透: 03 08 27 32 35 42
第11筆樂透: 05 13 14 22 34 43
第12筆樂透: 01 06 15 17 21 22
第13筆樂透: 14 22 23 35 40 42
第14筆樂透: 07 09 14 22 30 41
第15筆樂透: 01 06 30 39 41 42
第16筆樂透: 10 15 17 18 37 49
第17筆樂透: 04 07 24 29 33 46
第18筆樂透: 11 15 28 30 37 48
第19筆樂透: 01 05 22 34 37 48
第20筆樂透: 08 09 22 27 35 42
第21筆樂透: 04 20 28 30 46 49
第22筆樂透: 10 17 20 36 39 47
第23筆樂透: 03 14 19 34 35 36
第24筆樂透: 02 12 13 15 37 47
第25筆樂透: 13 21 22 25 33 39
第26筆樂透: 06 15 25 39 41 46
第27筆樂透: 02 03 11 31 33 34
第28筆樂透: 06 16 25 30 40 43
第29筆樂透: 01 02 20 33 39 48
第30筆樂透: 06 18 21 26 37 44
第31筆樂透: 05 20 22 33 36 40
第32筆樂透: 02 17 18 23 27 49
第33筆樂透: 06 15 22 24 25 27
第34筆樂透: 03 27 28 36 46 49
第35筆樂透: 03 19 25 35 43 49
第36筆樂透: 06 18 29 33 40 48
第37筆樂透: 04 06 22 29 30 43
第38筆樂透: 08 13 27 30 37 40
第39筆樂透: 02 07 13 19 21 31
第40筆樂透: 03 34 43 44 47 48
第41筆樂透: 03 16 18 19 39 46
第42筆樂透: 14 23 29 35 40 42
第43筆樂透: 02 04 16 21 40 41
第44筆樂透: 05 10 14 18 20 41
第45筆樂透: 15 22 26 28 46 49
第46筆樂透: 09 12 29 33 34 36
第47筆樂透: 11 16 33 37 43 45
第48筆樂透: 06 15 18 42 43 44
第49筆樂透: 16 26 33 37 42 45
第50筆樂透: 05 08 23 37 38 49
第51筆樂透: 02 11 21 25 37 38
第52筆樂透: 10 12 14 23 25 42
第53筆樂透: 04 05 14 16 21 26
第54筆樂透: 01 07 16 27 30 31
第55筆樂透: 08 13 19 21 31 44
第56筆樂透: 03 12 20 26 40 49
第57筆樂透: 12 15 21 33 34 36
第58筆樂透: 03 07 27 40 41 44
第59筆樂透: 05 12 21 22 45 48
第60筆樂透: 01 06 11 17 28 46
第61筆樂透: 12 26 30 33 39 45
第62筆樂透: 05 22 26 30 32 46
第63筆樂透: 05 08 12 23 24 38
第64筆樂透: 08 13 32 41 42 44
第65筆樂透: 02 17 21 35 42 49
第66筆樂透: 03 19 25 29 42 45
第67筆樂透: 16 18 24 31 41 46
第68筆樂透: 06 19 24 27 40 47
第69筆樂透: 07 14 19 32 43 44
第70筆樂透: 08 16 26 41 42 49
第71筆樂透: 01 03 14 18 36 46
第72筆樂透: 14 24 25 27 28 43
第73筆樂透: 10 17 23 29 36 40
第74筆樂透: 20 27 33 36 37 46
第75筆樂透: 07 18 28 38 45 48
第76筆樂透: 06 27 33 35 38 39
第77筆樂透: 08 13 24 30 36 37
第78筆樂透: 13 20 27 37 46 47
第79筆樂透: 06 21 23 31 36 43
第80筆樂透: 02 19 21 23 24 34
第81筆樂透: 05 06 26 30 34 38
第82筆樂透: 01 04 08 13 25 34
第83筆樂透: 15 17 20 26 32 46
第84筆樂透: 08 11 14 24 29 45
第85筆樂透: 05 18 34 37 46 47
第86筆樂透: 06 09 31 34 36 47
第87筆樂透: 19 28 33 38 40 41
第88筆樂透: 26 30 32 36 47 49
第89筆樂透: 08 11 23 35 37 41
第90筆樂透: 02 04 07 08 09 25
第91筆樂透: 01 09 14 25 31 40
第92筆樂透: 02 12 14 19 44 45
第93筆樂透: 02 20 25 29 37 38
第94筆樂透: 04 10 24 31 32 38
第95筆樂透: 04 18 21 28 33 45
第96筆樂透: 06 11 21 26 29 49
第97筆樂透: 02 07 15 17 22 35
第98筆樂透: 11 16 24 31 39 47
第99筆樂透: 09 15 40 43 48 49
第100筆樂透: 05 10 13 22 34 39
