第1筆樂透: 17 23 27 30 33 45
第2筆樂透: 01 06 12 13 17 18
第3筆樂透: 04 09 10 14 16 40
第4筆樂透: 07 18 26 27 30 46
第5筆樂透: 07 18 21 22 40 48
第6筆樂透: 05 15 28 40 47 48
第7筆樂透: 13 25 28 43 44 47
第8筆樂透: 09 14 16 19 20 43
第9筆樂透: 17 25 30 40 42 44
第10筆樂透: 02 06 15 25 26 38
第11筆樂透: 01 04 09 14 24 32
第12筆樂透: 08 13 19 22 33 45
第13筆樂透: 13 14 15 18 36 40
第14筆樂透: 04 06 19 27 29 43
第15筆樂透: 03 06 13 20 33 38
第16筆樂透: 08 30 33 41 48 49
第17筆樂透: 12 19 24 35 39 48
第18筆樂透: 04 33 42 44 45 46
第19筆樂透: 06 15 18 26 47 49
第20筆樂透: 07 09 24 36 41 47
第21筆樂透: 03 14 15 29 35 43
第22筆樂透: 02 13 15 17 24 37
第23筆樂透: 03 07 10 37 44 46
第24筆樂透: 13 21 24 27 39 46
第25筆樂透: 09 26 32 33 38 40
第26筆樂透: 02 04 06 22 31 32
第27筆樂透: 08 14 15 27 29 33
第28筆樂透: 17 31 32 36 37 40
第29筆樂透: 19 27 30 32 39 41
第30筆樂透: 07 16 25 28 33 39
第31筆樂透: 01 18 35 38 40 46
第32筆樂透: 01 04 06 08 10 23
第33筆樂透: 03 22 35 36 38 41
第34筆樂透: 02 09 14 23 33 48
第35筆樂透: 01 14 18 23 31 43
第36筆樂透: 01 07 14 22 24 46
第37筆樂透: 29 30 37 38 44 49
第38筆樂透: 07 11 22 28 36 41
第39筆樂透: 18 24 26 27 30 44
第40筆樂透: 04 10 22 23 27 30
第41筆樂透: 29 32 35 36 43 46
第42筆樂透: 03 04 10 25 37 45
第43筆樂透: 17 19 21 22 30 49
第44筆樂透: 03 04 15 18 35 43
第45筆樂透: 04 07 14 23 38 46
第46筆樂透: 02 04 07 08 30 42
第47筆樂透: 06 10 31 33 36 46
第48筆樂透: 06 18 26 29 36 44
第49筆樂透: 02 07 13 19 34 39
第50筆樂透: 06 32 33 34 37 47
第51筆樂透: 03 07 10 20 33 34
第52筆樂透: 14 19 21 35 38 47
第53筆樂透: 02 16 18 24 29 38
第54筆樂透: 05 09 11 21 39 48
第55筆樂透: 08 12 23 28 44 47
第56筆樂透: 01 19 30 37 45 47
第57筆樂透: 08 19 20 34 35 44
第58筆樂透: 16 19 25 32 43 44
第59筆樂透: 02 05 13 28 40 44
第60筆樂透: 11 12 35 41 46 49
第61筆樂透: 12 15 16 43 44 46
第62筆樂透: 08 14 27 36 46 49
第63筆樂透: 11 18 19 32 37 38
第64筆樂透: 04 13 23 24 27 38
第65筆樂透: 01 08 19 26 33 40
第66筆樂透: 03 05 07 11 21 24
第67筆樂透: 08 11 17 19 37 39
第68筆樂透: 06 16 19 29 30 45
第69筆樂透: 07 19 29 39 41 45
第70筆樂透: 10 14 16 27 45 49
第71筆樂透: 08 14 31 38 39 41
第72筆樂透: 04 09 13 21 23 45
第73筆樂透: 03 11 16 23 39 48
第74筆樂透: 04 24 30 41 44 48
第75筆樂透: 26 27 40 41 42 47
第76筆樂透: 06 10 11 30 38 44
第77筆樂透: 13 14 18 35 37 43
第78筆樂透: 01 07 08 11 29 49
第79筆樂透: 10 12 18 27 38 49
第80筆樂透: 04 05 09 20 28 37
第81筆樂透: 01 02 14 33 41 43
第82筆樂透: 06 09 14 19 41 44
第83筆樂透: 06 09 12 24 26 31
第84筆樂透: 14 23 29 40 45 48
第85筆樂透: 19 23 24 30 39 49
第86筆樂透: 04 11 24 36 38 40
第87筆樂透: 03 30 33 37 45 49
第88筆樂透: 10 16 22 28 32 34
第89筆樂透: 07 10 13 14 20 42
第90筆樂透: 11 22 24 26 30 47
第91筆樂透: 08 14 32 33 40 49
第92筆樂透: 07 17 29 37 47 49
第93筆樂透: 08 12 26 36 37 47
第94筆樂透: 02 08 19 38 47 48
第95筆樂透: 02 04 08 13 16 32
第96筆樂透: 08 26 34 35 39 40
第97筆樂透: 11 13 18 19 48 49
第98筆樂透: 05 06 10 13 19 22
第99筆樂透: 11 13 22 30 31 32
第100筆樂透: 10 20 27 29 30 43
