第1筆樂透: 06 07 08 12 38 48
第2筆樂透: 04 06 20 33 35 46
第3筆樂透: 10 20 24 25 37 42
第4筆樂透: 13 17 27 34 37 40
第5筆樂透: 01 10 15 23 44 48
第6筆樂透: 10 31 34 39 42 45
第7筆樂透: 06 07 08 16 29 40
第8筆樂透: 09 14 28 38 41 42
第9筆樂透: 12 32 44 46 47 49
第10筆樂透: 17 20 31 34 37 39
第11筆樂透: 07 15 17 38 41 42
第12筆樂透: 14 15 18 23 43 47
第13筆樂透: 01 14 16 22 30 47
第14筆樂透: 11 17 32 36 47 49
第15筆樂透: 04 11 25 42 44 49
第16筆樂透: 07 25 34 37 38 42
第17筆樂透: 15 16 20 46 47 48
第18筆樂透: 11 23 26 41 43 45
第19筆樂透: 02 11 16 33 45 49
第20筆樂透: 06 20 31 34 37 46
第21筆樂透: 01 05 11 12 17 35
第22筆樂透: 04 09 15 24 29 39
第23筆樂透: 11 17 19 30 43 49
第24筆樂透: 01 05 09 24 32 42
第25筆樂透: 06 20 22 24 25 29
第26筆樂透: 04 11 28 39 43 44
第27筆樂透: 01 04 20 22 26 49
第28筆樂透: 03 08 09 15 43 47
第29筆樂透: 10 17 19 23 45 46
第30筆樂透: 06 20 30 37 43 45
第31筆樂透: 11 24 32 38 41 45
第32筆樂透: 02 17 26 30 31 38
第33筆樂透: 07 15 25 33 35 39
第34筆樂透: 06 17 22 29 34 43
第35筆樂透: 05 12 39 45 47 48
第36筆樂透: 02 08 13 17 38 41
第37筆樂透: 06 10 21 28 32 42
第38筆樂透: 01 08 12 27 46 49
第39筆樂透: 02 17 21 25 30 36
第40筆樂透: 04 09 10 17 37 42
第41筆樂透: 03 10 12 13 19 25
第42筆樂透: 12 14 16 20 26 30
第43筆樂透: 09 35 37 41 48 49
第44筆樂透: 30 34 40 46 47 48
第45筆樂透: 03 21 22 32 34 49
第46筆樂透: 14 19 21 23 30 39
第47筆樂透: 07 12 19 24 37 41
第48筆樂透: 02 09 13 33 41 47
第49筆樂透: 04 05 15 21 30 40
第50筆樂透: 04 12 25 43 44 46
第51筆樂透: 02 15 21 26 32 45
第52筆樂透: 06 24 26 28 30 41
第53筆樂透: 03 09 12 16 25 39
第54筆樂透: 04 06 10 16 36 44
第55筆樂透: 09 13 29 39 42 48
第56筆樂透: 04 06 08 18 40 46
第57筆樂透: 06 10 19 20 26 33
第58筆樂透: 01 19 37 43 47 49
第59筆樂透: 13 17 23 31 33 42
第60筆樂透: 12 26 30 39 41 44
第61筆樂透: 11 16 22 32 35 47
第62筆樂透: 01 15 26 30 34 37
第63筆樂透: 07 20 24 35 38 44
第64筆樂透: 03 09 14 23 26 43
第65筆樂透: 02 05 10 25 33 48
第66筆樂透: 05 19 22 25 35 40
第67筆樂透: 11 17 19 20 36 47
第68筆樂透: 02 06 16 36 38 39
第69筆樂透: 02 09 21 26 39 44
第70筆樂透: 08 09 21 23 32 49
第71筆樂透: 08 28 30 33 36 37
第72筆樂透: 09 10 13 17 37 41
第73筆樂透: 04 06 07 25 39 44
第74筆樂透: 05 17 21 34 42 49
第75筆樂透: 12 14 20 24 26 36
第76筆樂透: 24 26 27 35 36 42
第77筆樂透: 16 22 27 36 43 49
第78筆樂透: 10 12 30 36 46 49
第79筆樂透: 03 06 19 21 24 43
第80筆樂透: 08 12 19 21 32 41
第81筆樂透: 06 13 20 40 47 49
第82筆樂透: 09 16 26 36 37 39
第83筆樂透: 02 15 26 35 37 45
第84筆樂透: 10 14 19 20 36 40
第85筆樂透: 02 06 33 37 38 41
第86筆樂透: 02 10 15 17 21 46
第87筆樂透: 15 21 35 42 47 48
第88筆樂透: 16 24 26 33 37 42
第89筆樂透: 31 32 34 38 39 46
第90筆樂透: 07 12 17 28 31 32
第91筆樂透: 01 04 16 18 26 28
第92筆樂透: 01 09 13 26 28 48
第93筆樂透: 06 12 14 16 36 39
第94筆樂透: 05 08 19 23 30 34
第95筆樂透: 02 05 15 21 29 49
第96筆樂透: 05 10 35 36 37 46
第97筆樂透: 03 13 21 35 39 44
第98筆樂透: 10 11 17 24 34 46
第99筆樂透: 10 16 17 19 26 35
第100筆樂透: 03 15 24 41 48 49
