第1筆樂透: 04 23 30 34 40 45
第2筆樂透: 02 05 18 28 37 38
第3筆樂透: 01 17 24 40 41 48
第4筆樂透: 01 08 23 35 43 49
第5筆樂透: 08 27 29 32 40 45
第6筆樂透: 03 14 21 23 25 39
第7筆樂透: 11 21 37 38 39 48
第8筆樂透: 01 02 17 20 40 44
第9筆樂透: 01 03 10 11 41 45
第10筆樂透: 15 22 32 35 41 47
第11筆樂透: 12 16 21 22 24 39
第12筆樂透: 10 15 16 31 32 47
第13筆樂透: 05 10 18 23 25 33
第14筆樂透: 10 12 13 18 31 36
第15筆樂透: 04 22 43 44 48 49
第16筆樂透: 15 27 32 37 45 48
第17筆樂透: 08 10 11 15 25 27
第18筆樂透: 03 04 09 16 29 49
第19筆樂透: 03 27 36 44 47 48
第20筆樂透: 01 06 17 32 34 40
第21筆樂透: 09 15 25 36 37 39
第22筆樂透: 03 06 11 26 38 40
第23筆樂透: 17 31 39 41 42 44
第24筆樂透: 08 12 18 19 26 44
第25筆樂透: 05 10 18 20 27 46
第26筆樂透: 07 11 19 29 32 41
第27筆樂透: 06 07 28 29 30 39
第28筆樂透: 08 19 21 23 28 49
第29筆樂透: 01 17 21 31 39 45
第30筆樂透: 13 16 20 29 30 41
第31筆樂透: 12 14 20 25 26 38
第32筆樂透: 05 06 17 22 23 39
第33筆樂透: 19 23 29 32 33 39
第34筆樂透: 03 13 23 27 29 45
第35筆樂透: 10 11 22 27 43 48
第36筆樂透: 08 09 17 26 31 41
第37筆樂透: 11 12 16 21 32 35
第38筆樂透: 05 06 08 09 37 48
第39筆樂透: 01 06 16 21 23 29
第40筆樂透: 13 17 18 20 22 47
第41筆樂透: 07 15 31 34 40 45
第42筆樂透: 06 11 21 31 40 42
第43筆樂透: 17 19 23 29 37 42
第44筆樂透: 02 15 24 42 45 47
第45筆樂透: 22 23 24 28 30 47
第46筆樂透: 02 04 05 12 29 38
第47筆樂透: 04 06 14 19 31 48
第48筆樂透: 16 17 24 29 31 44
第49筆樂透: 02 06 19 28 42 46
第50筆樂透: 01 09 11 22 33 38
第51筆樂透: 01 07 16 31 38 45
第52筆樂透: 09 13 15 27 37 43
第53筆樂透: 24 27 32 41 44 47
第54筆樂透: 11 19 21 24 28 38
第55筆樂透: 09 14 39 41 43 45
第56筆樂透: 16 34 35 37 40 43
第57筆樂透: 06 07 08 18 30 41
第58筆樂透: 07 08 34 38 42 48
第59筆樂透: 07 13 19 28 40 41
第60筆樂透: 18 19 25 27 29 39
第61筆樂透: 01 03 16 19 41 44
第62筆樂透: 02 11 34 42 46 49
第63筆樂透: 06 09 29 30 32 49
第64筆樂透: 05 07 14 15 22 23
第65筆樂透: 03 21 35 36 43 47
第66筆樂透: 12 31 35 36 38 39
第67筆樂透: 01 03 08 31 34 39
第68筆樂透: 10 16 19 29 30 41
第69筆樂透: 01 05 17 19 25 30
第70筆樂透: 13 17 20 26 40 48
第71筆樂透: 15 19 36 39 44 49
第72筆樂透: 12 14 23 35 38 39
第73筆樂透: 10 30 35 37 44 46
第74筆樂透: 15 31 32 43 45 48
第75筆樂透: 12 20 25 26 35 45
第76筆樂透: 07 12 17 25 26 42
第77筆樂透: 05 13 18 22 27 44
第78筆樂透: 02 09 11 16 17 44
第79筆樂透: 10 23 24 44 46 48
第80筆樂透: 05 08 14 24 26 28
第81筆樂透: 18 21 24 30 33 47
第82筆樂透: 11 18 20 25 31 43
第83筆樂透: 04 20 32 38 47 49
第84筆樂透: 04 06 09 11 40 42
第85筆樂透: 05 07 28 41 42 44
第86筆樂透: 13 14 18 19 20 49
第87筆樂透: 03 09 27 28 31 42
第88筆樂透: 15 16 20 21 41 43
第89筆樂透: 04 12 17 25 41 46
第90筆樂透: 03 05 08 27 29 39
第91筆樂透: 08 20 23 32 36 42
第92筆樂透: 16 19 23 33 35 39
第93筆樂透: 29 35 38 42 47 49
第94筆樂透: 03 07 17 29 30 45
第95筆樂透: 06 11 28 39 40 44
第96筆樂透: 11 12 13 28 40 48
第97筆樂透: 01 15 16 23 30 31
第98筆樂透: 02 07 20 27 30 49
第99筆樂透: 02 04 17 23 27 47
第100筆樂透: 07 10 14 16 22 39
