第1筆樂透: 08 10 17 33 47 48
第2筆樂透: 03 08 11 25 42 48
第3筆樂透: 02 12 22 34 44 49
第4筆樂透: 25 28 40 45 47 49
第5筆樂透: 07 12 24 29 32 36
第6筆樂透: 01 07 14 19 36 45
第7筆樂透: 06 07 09 19 20 28
第8筆樂透: 13 27 33 35 39 49
第9筆樂透: 08 12 14 20 21 45
第10筆樂透: 02 05 27 36 43 47
第11筆樂透: 05 18 24 36 47 48
第12筆樂透: 01 12 23 29 32 49
第13筆樂透: 08 21 27 30 41 46
第14筆樂透: 06 12 26 39 40 42
第15筆樂透: 02 03 04 07 30 41
第16筆樂透: 12 15 25 33 43 48
第17筆樂透: 05 17 21 35 42 47
第18筆樂透: 02 16 27 32 37 38
第19筆樂透: 05 14 24 25 44 49
第20筆樂透: 07 10 20 22 27 32
第21筆樂透: 07 15 17 19 28 46
第22筆樂透: 03 13 15 18 33 35
第23筆樂透: 11 18 30 35 36 41
第24筆樂透: 09 11 15 39 41 47
第25筆樂透: 08 14 19 27 31 41
第26筆樂透: 07 14 25 35 40 44
第27筆樂透: 04 07 23 33 40 47
第28筆樂透: 12 28 30 35 47 49
第29筆樂透: 11 12 18 24 26 45
第30筆樂透: 02 05 07 12 17 29
第31筆樂透: 02 17 20 25 38 39
第32筆樂透: 05 17 21 42 46 47
第33筆樂透: 07 14 23 32 41 48
第34筆樂透: 20 22 23 32 39 49
第35筆樂透: 20 23 36 39 41 46
第36筆樂透: 01 06 23 29 34 40
第37筆樂透: 16 17 36 43 45 47
第38筆樂透: 11 20 24 26 30 43
第39筆樂透: 01 05 27 30 33 40
第40筆樂透: 02 09 10 14 29 41
第41筆樂透: 01 04 20 30 37 43
第42筆樂透: 05 09 23 33 36 47
第43筆樂透: 05 07 09 21 33 47
第44筆樂透: 03 08 11 17 27 30
第45筆樂透: 07 16 21 22 27 43
第46筆樂透: 06 13 17 28 34 36
第47筆樂透: 05 13 29 32 44 48
第48筆樂透: 02 13 14 26 40 46
第49筆樂透: 04 11 25 31 36 42
第50筆樂透: 05 07 08 24 35 43
第51筆樂透: 03 10 28 33 36 42
第52筆樂透: 02 14 28 34 35 38
第53筆樂透: 09 10 15 26 31 42
第54筆樂透: 04 17 30 40 43 49
第55筆樂透: 14 18 28 37 39 46
第56筆樂透: 13 25 30 31 35 39
第57筆樂透: 06 13 16 23 34 49
第58筆樂透: 06 09 19 23 39 46
第59筆樂透: 22 24 34 38 42 47
第60筆樂透: 02 04 12 22 30 37
第61筆樂透: 06 13 16 20 36 42
第62筆樂透: 02 03 08 10 19 23
第63筆樂透: 06 07 23 26 31 48
第64筆樂透: 01 02 04 07 17 26
第65筆樂透: 20 22 28 32 34 43
第66筆樂透: 03 05 24 29 34 49
第67筆樂透: 09 13 18 39 40 49
第68筆樂透: 03 28 30 35 39 42
第69筆樂透: 17 20 23 36 46 47
第70筆樂透: 24 37 40 45 46 49
第71筆樂透: 03 21 36 37 41 43
第72筆樂透: 03 15 23 27 31 33
第73筆樂透: 15 16 36 44 45 48
第74筆樂透: 12 17 18 30 36 37
第75筆樂透: 15 18 22 32 35 47
第76筆樂透: 12 15 16 22 29 32
第77筆樂透: 04 11 25 28 34 45
第78筆樂透: 03 10 18 26 40 49
第79筆樂透: 10 15 24 27 40 46
第80筆樂透: 15 20 26 33 35 44
第81筆樂透: 08 21 26 31 35 38
第82筆樂透: 09 19 29 35 45 46
第83筆樂透: 03 10 11 27 36 48
第84筆樂透: 13 18 25 27 43 48
第85筆樂透: 10 14 15 42 43 46
第86筆樂透: 02 09 15 30 40 42
第87筆樂透: 03 07 15 17 20 43
第88筆樂透: 09 21 24 38 42 45
第89筆樂透: 13 22 23 28 38 41
第90筆樂透: 04 05 08 17 35 49
第91筆樂透: 04 09 19 25 35 37
第92筆樂透: 03 17 21 22 30 41
第93筆樂透: 03 09 14 22 23 35
第94筆樂透: 02 17 25 35 42 49
第95筆樂透: 04 09 12 18 27 29
第96筆樂透: 08 14 20 33 44 48
第97筆樂透: 01 19 36 43 44 49
第98筆樂透: 08 13 29 32 41 44
第99筆樂透: 10 11 16 33 38 48
第100筆樂透: 04 19 20 28 29 41
