第1筆樂透: 10 11 12 20 30 47
第2筆樂透: 08 30 36 41 44 45
第3筆樂透: 05 30 31 33 36 46
第4筆樂透: 09 12 13 21 36 46
第5筆樂透: 08 10 11 14 34 46
第6筆樂透: 01 03 20 32 34 48
第7筆樂透: 12 26 35 36 42 43
第8筆樂透: 01 06 24 41 42 44
第9筆樂透: 06 25 38 39 41 46
第10筆樂透: 05 06 08 12 30 34
第11筆樂透: 04 06 12 17 30 39
第12筆樂透: 07 13 26 34 37 43
第13筆樂透: 02 08 13 29 44 46
第14筆樂透: 06 07 19 21 22 43
第15筆樂透: 14 15 17 23 40 42
第16筆樂透: 05 08 34 35 46 49
第17筆樂透: 18 19 22 32 41 44
第18筆樂透: 08 14 19 20 22 49
第19筆樂透: 11 16 20 23 30 36
第20筆樂透: 08 15 16 26 46 49
第21筆樂透: 04 09 10 24 25 30
第22筆樂透: 05 15 16 26 33 36
第23筆樂透: 03 09 21 23 29 39
第24筆樂透: 01 16 24 28 36 37
第25筆樂透: 05 22 24 31 36 43
第26筆樂透: 03 07 22 40 41 42
第27筆樂透: 03 12 36 43 45 48
第28筆樂透: 05 15 23 30 43 47
第29筆樂透: 02 18 23 26 34 37
第30筆樂透: 06 24 26 28 37 48
第31筆樂透: 08 13 16 25 29 31
第32筆樂透: 02 07 08 21 28 49
第33筆樂透: 07 29 38 40 47 48
第34筆樂透: 12 18 22 46 47 48
第35筆樂透: 04 11 14 25 28 36
第36筆樂透: 09 23 40 41 42 45
第37筆樂透: 04 15 32 34 39 40
第38筆樂透: 03 12 21 23 35 45
第39筆樂透: 01 14 22 28 38 43
第40筆樂透: 04 12 23 28 30 46
第41筆樂透: 01 11 17 21 40 46
第42筆樂透: 17 24 30 31 37 42
第43筆樂透: 14 17 22 29 36 39
第44筆樂透: 12 26 29 30 43 46
第45筆樂透: 05 08 26 28 31 35
第46筆樂透: 14 20 29 39 41 48
第47筆樂透: 06 18 22 23 24 39
第48筆樂透: 01 04 10 28 38 43
第49筆樂透: 33 34 36 37 41 42
第50筆樂透: 02 08 21 22 27 38
第51筆樂透: 20 22 25 40 47 49
第52筆樂透: 11 23 26 31 32 42
第53筆樂透: 06 17 18 23 31 32
第54筆樂透: 12 22 23 25 31 42
第55筆樂透: 03 07 12 29 38 49
第56筆樂透: 09 17 18 28 29 43
第57筆樂透: 06 22 25 31 38 48
第58筆樂透: 10 15 18 22 34 49
第59筆樂透: 05 09 11 30 36 41
第60筆樂透: 05 15 18 31 32 36
第61筆樂透: 06 07 09 24 45 47
第62筆樂透: 05 11 16 17 39 41
第63筆樂透: 11 14 30 33 38 48
第64筆樂透: 01 03 16 31 40 41
第65筆樂透: 05 07 11 28 41 48
第66筆樂透: 21 28 29 36 42 43
第67筆樂透: 01 04 06 09 39 49
第68筆樂透: 03 13 17 19 30 43
第69筆樂透: 02 15 19 26 34 42
第70筆樂透: 21 22 29 31 33 46
第71筆樂透: 06 21 30 32 39 48
第72筆樂透: 03 06 07 14 22 46
第73筆樂透: 04 11 20 32 48 49
第74筆樂透: 01 03 11 30 41 48
第75筆樂透: 05 19 29 31 33 38
第76筆樂透: 05 26 35 38 46 49
第77筆樂透: 01 02 05 13 38 40
第78筆樂透: 08 10 13 18 34 46
第79筆樂透: 03 12 16 22 31 36
第80筆樂透: 07 08 16 23 33 47
第81筆樂透: 01 04 08 18 33 45
第82筆樂透: 08 13 20 30 31 44
第83筆樂透: 08 10 18 25 44 48
第84筆樂透: 05 07 27 28 32 40
第85筆樂透: 02 14 20 21 35 37
第86筆樂透: 02 04 13 35 43 49
第87筆樂透: 10 11 27 39 48 49
第88筆樂透: 03 14 21 23 28 48
第89筆樂透: 05 13 20 26 41 48
第90筆樂透: 10 13 16 18 19 41
第91筆樂透: 04 08 21 23 31 33
第92筆樂透: 02 05 08 12 28 39
第93筆樂透: 14 15 16 19 44 48
第94筆樂透: 05 18 24 27 37 47
第95筆樂透: 20 28 31 41 42 45
第96筆樂透: 14 15 17 24 29 44
第97筆樂透: 18 23 34 41 45 48
第98筆樂透: 07 18 24 28 31 49
第99筆樂透: 02 03 22 36 38 46
第100筆樂透: 07 12 29 40 42 47
