第1筆樂透: 02 19 21 38 39 47
第2筆樂透: 03 11 14 42 48 49
第3筆樂透: 13 14 19 42 45 48
第4筆樂透: 11 13 34 40 41 49
第5筆樂透: 04 16 20 33 45 49
第6筆樂透: 11 16 19 21 27 48
第7筆樂透: 03 11 12 21 27 32
第8筆樂透: 03 07 22 27 35 49
第9筆樂透: 14 21 35 44 47 48
第10筆樂透: 02 19 22 23 29 35
第11筆樂透: 01 07 08 13 30 47
第12筆樂透: 06 24 28 32 39 40
第13筆樂透: 11 22 23 25 35 36
第14筆樂透: 02 09 10 11 21 45
第15筆樂透: 28 31 38 40 45 48
第16筆樂透: 03 12 13 16 17 20
第17筆樂透: 07 17 31 35 37 38
第18筆樂透: 13 16 19 26 43 47
第19筆樂透: 11 13 17 22 31 49
第20筆樂透: 12 16 23 26 42 45
第21筆樂透: 02 13 22 30 42 44
第22筆樂透: 06 23 38 43 46 47
第23筆樂透: 03 11 12 31 34 42
第24筆樂透: 09 14 16 26 41 48
第25筆樂透: 08 16 21 35 36 41
第26筆樂透: 13 23 25 31 33 43
第27筆樂透: 01 17 26 38 42 46
第28筆樂透: 21 27 33 35 38 41
第29筆樂透: 07 18 22 26 30 41
第30筆樂透: 08 11 13 29 37 44
第31筆樂透: 10 12 22 23 26 47
第32筆樂透: 01 09 27 35 37 43
第33筆樂透: 21 26 30 31 35 37
第34筆樂透: 02 06 07 19 20 46
第35筆樂透: 09 22 23 31 39 43
第36筆樂透: 13 17 29 40 44 48
第37筆樂透: 08 09 21 39 45 49
第38筆樂透: 03 06 25 32 43 49
第39筆樂透: 02 04 05 16 22 42
第40筆樂透: 05 11 14 33 34 47
第41筆樂透: 01 08 13 17 27 41
第42筆樂透: 10 17 23 26 34 41
第43筆樂透: 09 19 22 27 30 34
第44筆樂透: 18 24 30 33 34 40
第45筆樂透: 01 08 10 26 27 28
第46筆樂透: 07 20 21 36 39 45
第47筆樂透: 11 21 28 32 38 48
第48筆樂透: 04 15 26 28 29 42
第49筆樂透: 01 18 19 25 37 45
第50筆樂透: 05 24 32 34 39 48
第51筆樂透: 07 09 12 14 45 46
第52筆樂透: 02 08 28 32 37 39
第53筆樂透: 09 22 31 32 42 45
第54筆樂透: 02 12 21 22 23 48
第55筆樂透: 05 07 08 28 33 48
第56筆樂透: 05 06 08 25 35 45
第57筆樂透: 01 13 19 23 29 35
第58筆樂透: 03 23 27 40 41 49
第59筆樂透: 13 20 24 26 36 42
第60筆樂透: 11 23 35 37 39 47
第61筆樂透: 20 25 26 29 43 48
第62筆樂透: 01 05 07 16 21 48
第63筆樂透: 10 12 31 38 39 41
第64筆樂透: 04 13 17 39 41 46
第65筆樂透: 21 22 32 35 36 38
第66筆樂透: 04 21 24 26 34 47
第67筆樂透: 10 11 36 38 43 45
第68筆樂透: 07 08 10 12 42 43
第69筆樂透: 31 32 33 36 43 44
第70筆樂透: 01 13 14 18 19 49
第71筆樂透: 08 14 15 18 23 40
第72筆樂透: 01 02 04 16 26 42
第73筆樂透: 04 29 30 31 41 47
第74筆樂透: 10 12 14 22 32 35
第75筆樂透: 14 15 19 20 39 49
第76筆樂透: 07 09 13 15 42 45
第77筆樂透: 07 10 13 24 29 33
第78筆樂透: 02 07 08 12 22 35
第79筆樂透: 05 23 29 31 35 38
第80筆樂透: 08 10 14 28 40 44
第81筆樂透: 13 28 29 35 40 43
第82筆樂透: 08 12 25 29 34 44
第83筆樂透: 06 09 39 42 44 46
第84筆樂透: 08 15 30 35 38 47
第85筆樂透: 02 08 11 21 31 39
第86筆樂透: 01 12 18 29 36 48
第87筆樂透: 03 05 17 22 28 36
第88筆樂透: 03 22 29 35 37 41
第89筆樂透: 09 10 28 29 33 43
第90筆樂透: 01 07 09 10 16 46
第91筆樂透: 02 10 13 19 25 37
第92筆樂透: 10 12 17 33 35 45
第93筆樂透: 22 38 40 41 46 48
第94筆樂透: 01 06 13 18 21 22
第95筆樂透: 09 23 31 37 38 49
第96筆樂透: 01 12 16 19 39 42
第97筆樂透: 13 27 29 32 47 48
第98筆樂透: 13 18 23 30 39 43
第99筆樂透: 02 06 13 27 34 39
第100筆樂透: 01 05 08 09 15 16
