第1筆樂透: 18 20 21 28 30 35
第2筆樂透: 04 07 11 13 19 36
第3筆樂透: 02 10 17 32 39 43
第4筆樂透: 01 04 23 42 44 45
第5筆樂透: 12 15 34 36 41 45
第6筆樂透: 01 08 23 31 34 48
第7筆樂透: 03 04 11 12 26 27
第8筆樂透: 04 21 28 36 39 40
第9筆樂透: 02 13 26 29 34 40
第10筆樂透: 02 26 37 42 46 48
第11筆樂透: 01 08 12 16 34 37
第12筆樂透: 05 16 22 23 29 31
第13筆樂透: 03 11 20 24 33 36
第14筆樂透: 02 09 21 22 40 43
第15筆樂透: 01 10 26 29 34 42
第16筆樂透: 07 10 20 38 41 42
第17筆樂透: 07 23 27 35 40 45
第18筆樂透: 05 17 29 32 44 49
第19筆樂透: 06 20 21 34 44 48
第20筆樂透: 02 07 25 34 36 38
第21筆樂透: 09 12 14 26 28 40
第22筆樂透: 13 21 23 27 30 44
第23筆樂透: 02 31 39 41 42 49
第24筆樂透: 04 05 10 13 42 46
第25筆樂透: 02 05 09 10 33 42
第26筆樂透: 10 12 13 21 33 40
第27筆樂透: 03 31 32 36 47 48
第28筆樂透: 01 03 06 23 31 37
第29筆樂透: 10 11 26 32 41 42
第30筆樂透: 02 03 04 16 42 49
第31筆樂透: 05 08 20 21 36 37
第32筆樂透: 01 04 12 18 22 23
第33筆樂透: 01 15 16 20 27 46
第34筆樂透: 19 24 26 31 36 39
第35筆樂透: 02 04 15 16 32 38
第36筆樂透: 17 23 27 30 39 45
第37筆樂透: 05 23 39 41 44 45
第38筆樂透: 15 22 32 33 37 39
第39筆樂透: 06 31 33 40 46 49
第40筆樂透: 08 16 19 28 38 44
第41筆樂透: 01 10 16 18 23 33
第42筆樂透: 02 06 15 32 42 46
第43筆樂透: 02 06 17 18 30 33
第44筆樂透: 02 06 16 31 38 49
第45筆樂透: 02 05 26 33 41 46
第46筆樂透: 03 06 07 18 40 44
第47筆樂透: 12 14 20 27 28 45
第48筆樂透: 04 11 16 28 30 37
第49筆樂透: 05 15 20 21 29 32
第50筆樂透: 12 13 18 28 32 35
第51筆樂透: 03 08 14 17 35 49
第52筆樂透: 11 22 29 33 35 47
第53筆樂透: 04 17 22 34 40 41
第54筆樂透: 07 09 16 28 37 48
第55筆樂透: 04 10 13 18 28 34
第56筆樂透: 02 06 16 24 31 38
第57筆樂透: 08 13 33 36 40 42
第58筆樂透: 03 04 06 11 18 22
第59筆樂透: 16 18 38 41 44 45
第60筆樂透: 04 16 20 31 35 47
第61筆樂透: 07 11 19 23 41 45
第62筆樂透: 11 14 29 35 37 45
第63筆樂透: 13 23 34 35 42 47
第64筆樂透: 01 15 18 22 30 42
第65筆樂透: 01 17 19 24 37 42
第66筆樂透: 07 08 18 20 37 40
第67筆樂透: 12 29 32 37 47 48
第68筆樂透: 04 14 17 28 37 45
第69筆樂透: 02 04 21 28 32 34
第70筆樂透: 03 14 24 34 40 43
第71筆樂透: 08 13 16 18 33 43
第72筆樂透: 05 16 22 26 27 30
第73筆樂透: 13 17 23 35 36 49
第74筆樂透: 04 11 17 23 34 40
第75筆樂透: 20 22 32 39 43 49
第76筆樂透: 05 06 10 13 31 42
第77筆樂透: 01 07 10 23 32 43
第78筆樂透: 04 21 41 42 44 49
第79筆樂透: 01 20 22 28 40 48
第80筆樂透: 01 06 15 18 34 35
第81筆樂透: 17 18 21 25 34 37
第82筆樂透: 08 20 26 31 42 49
第83筆樂透: 07 16 30 36 47 48
第84筆樂透: 13 30 31 37 40 47
第85筆樂透: 15 20 27 33 44 48
第86筆樂透: 13 14 16 37 40 46
第87筆樂透: 03 17 18 25 39 44
第88筆樂透: 23 27 31 34 36 42
第89筆樂透: 16 18 24 26 38 43
第90筆樂透: 05 11 24 31 34 37
第91筆樂透: 16 17 18 24 28 36
第92筆樂透: 05 18 19 43 46 49
第93筆樂透: 06 12 15 17 30 44
第94筆樂透: 04 11 24 31 36 45
第95筆樂透: 02 03 20 41 42 49
第96筆樂透: 03 21 26 44 45 49
第97筆樂透: 07 08 15 20 21 41
第98筆樂透: 04 05 12 24 39 41
第99筆樂透: 23 25 33 35 39 41
第100筆樂透: 12 14 17 25 34 45
