第1筆樂透: 04 07 15 27 42 43
第2筆樂透: 02 15 16 20 24 29
第3筆樂透: 17 18 22 32 35 38
第4筆樂透: 08 09 14 20 34 43
第5筆樂透: 06 09 16 17 24 37
第6筆樂透: 08 15 32 36 41 42
第7筆樂透: 05 09 24 35 36 48
第8筆樂透: 05 07 10 23 32 45
第9筆樂透: 01 06 07 09 15 16
第10筆樂透: 01 08 14 39 45 49
第11筆樂透: 01 06 15 34 41 47
第12筆樂透: 01 08 24 40 43 48
第13筆樂透: 08 14 17 37 45 47
第14筆樂透: 10 11 15 22 34 38
第15筆樂透: 03 13 16 33 37 46
第16筆樂透: 04 11 13 28 31 35
第17筆樂透: 14 19 32 37 38 49
第18筆樂透: 16 23 28 30 42 44
第19筆樂透: 12 21 33 34 42 48
第20筆樂透: 05 12 16 28 31 34
第21筆樂透: 02 08 15 21 29 47
第22筆樂透: 02 07 08 19 41 44
第23筆樂透: 17 22 34 36 46 49
第24筆樂透: 01 17 20 26 42 45
第25筆樂透: 07 09 27 37 42 45
第26筆樂透: 03 10 14 16 20 38
第27筆樂透: 04 09 16 31 48 49
第28筆樂透: 01 02 14 15 41 43
第29筆樂透: 08 14 26 29 46 48
第30筆樂透: 15 25 29 36 38 41
第31筆樂透: 12 14 21 29 40 44
第32筆樂透: 10 13 18 22 28 37
第33筆樂透: 08 09 12 26 28 43
第34筆樂透: 09 13 21 22 30 46
第35筆樂透: 05 12 16 18 27 49
第36筆樂透: 04 12 13 21 28 43
第37筆樂透: 13 18 20 32 33 46
第38筆樂透: 01 02 11 14 23 35
第39筆樂透: 18 22 23 30 39 41
第40筆樂透: 03 19 24 29 30 31
第41筆樂透: 10 11 17 18 19 25
第42筆樂透: 05 20 25 35 39 42
第43筆樂透: 04 07 16 32 41 42
第44筆樂透: 01 07 14 40 45 47
第45筆樂透: 02 03 04 22 33 44
第46筆樂透: 18 20 28 30 33 48
第47筆樂透: 01 06 12 13 42 46
第48筆樂透: 12 28 29 41 42 47
第49筆樂透: 08 14 18 38 40 47
第50筆樂透: 03 05 10 13 22 42
第51筆樂透: 03 14 15 18 33 34
第52筆樂透: 02 04 08 38 39 43
第53筆樂透: 06 07 10 15 39 48
第54筆樂透: 09 14 15 24 27 43
第55筆樂透: 07 08 25 28 40 49
第56筆樂透: 03 12 14 15 35 43
第57筆樂透: 01 04 14 21 24 29
第58筆樂透: 02 12 20 41 45 48
第59筆樂透: 01 05 13 26 41 48
第60筆樂透: 05 07 16 18 21 43
第61筆樂透: 01 17 36 43 44 49
第62筆樂透: 18 25 32 42 48 49
第63筆樂透: 02 15 19 26 32 41
第64筆樂透: 12 31 37 38 40 45
第65筆樂透: 16 18 19 22 25 36
第66筆樂透: 19 21 22 33 36 49
第67筆樂透: 02 19 36 40 47 48
第68筆樂透: 08 18 26 35 42 47
第69筆樂透: 02 03 10 14 19 36
第70筆樂透: 01 08 16 42 46 47
第71筆樂透: 02 10 15 27 29 43
第72筆樂透: 02 14 17 27 42 43
第73筆樂透: 01 04 13 23 36 39
第74筆樂透: 03 04 06 30 35 44
第75筆樂透: 11 13 14 18 21 49
第76筆樂透: 04 10 17 18 24 30
第77筆樂透: 07 08 22 38 46 47
第78筆樂透: 05 25 27 29 37 42
第79筆樂透: 09 12 26 28 38 40
第80筆樂透: 01 13 17 26 35 40
第81筆樂透: 04 09 12 42 43 44
第82筆樂透: 06 13 18 21 43 44
第83筆樂透: 01 05 18 33 35 39
第84筆樂透: 02 03 08 19 28 29
第85筆樂透: 14 18 24 28 43 45
第86筆樂透: 13 26 27 31 39 41
第87筆樂透: 03 04 05 11 17 20
第88筆樂透: 07 10 13 15 23 40
第89筆樂透: 13 16 33 38 40 46
第90筆樂透: 02 03 19 33 42 46
第91筆樂透: 10 27 34 35 41 47
第92筆樂透: 11 33 39 41 43 47
第93筆樂透: 07 23 29 30 32 34
第94筆樂透: 02 09 12 13 37 48
第95筆樂透: 05 27 30 38 44 48
第96筆樂透: 03 06 13 15 30 34
第97筆樂透: 08 15 27 28 35 43
第98筆樂透: 07 12 19 20 44 48
第99筆樂透: 05 06 08 20 28 41
第100筆樂透: 04 11 19 20 21 32
