第1筆樂透: 03 07 12 32 39 43
第2筆樂透: 01 07 16 23 32 43
第3筆樂透: 03 33 36 38 44 48
第4筆樂透: 21 24 26 30 41 45
第5筆樂透: 08 18 22 25 38 41
第6筆樂透: 01 15 24 27 31 42
第7筆樂透: 01 15 17 32 34 43
第8筆樂透: 15 17 28 32 41 48
第9筆樂透: 03 15 20 30 33 41
第10筆樂透: 03 11 12 21 22 27
第11筆樂透: 01 05 09 26 38 44
第12筆樂透: 02 10 24 36 37 44
第13筆樂透: 05 10 23 31 35 39
第14筆樂透: 02 06 16 28 39 47
第15筆樂透: 08 10 17 18 27 30
第16筆樂透: 02 07 09 36 46 48
第17筆樂透: 11 14 15 16 23 36
第18筆樂透: 07 11 14 32 34 48
第19筆樂透: 01 02 06 15 37 43
第20筆樂透: 10 11 16 20 29 34
第21筆樂透: 04 17 27 43 47 49
第22筆樂透: 10 14 31 32 34 38
第23筆樂透: 01 07 24 28 41 48
第24筆樂透: 01 06 13 16 31 44
第25筆樂透: 20 30 32 40 46 48
第26筆樂透: 06 13 18 25 40 44
第27筆樂透: 06 23 28 33 36 46
第28筆樂透: 07 19 26 40 43 49
第29筆樂透: 20 25 29 32 38 41
第30筆樂透: 15 17 23 28 35 48
第31筆樂透: 07 25 32 41 44 49
第32筆樂透: 02 06 25 37 38 48
第33筆樂透: 01 08 12 40 44 45
第34筆樂透: 05 07 21 30 35 36
第35筆樂透: 02 11 14 17 20 24
第36筆樂透: 06 10 23 25 38 47
第37筆樂透: 08 23 35 44 46 49
第38筆樂透: 01 16 21 22 33 41
第39筆樂透: 02 09 20 21 31 46
第40筆樂透: 07 08 13 20 25 41
第41筆樂透: 02 12 17 22 37 39
第42筆樂透: 16 29 30 31 35 36
第43筆樂透: 06 08 14 20 32 48
第44筆樂透: 18 35 38 41 42 47
第45筆樂透: 09 23 33 34 35 47
第46筆樂透: 11 12 25 26 45 49
第47筆樂透: 05 26 30 32 47 48
第48筆樂透: 04 08 11 13 33 48
第49筆樂透: 18 23 30 32 34 38
第50筆樂透: 01 02 08 18 27 31
第51筆樂透: 12 18 20 31 32 33
第52筆樂透: 05 06 09 11 37 45
第53筆樂透: 01 05 11 34 40 49
第54筆樂透: 10 13 31 43 46 47
第55筆樂透: 10 26 29 36 40 42
第56筆樂透: 02 03 12 15 25 45
第57筆樂透: 04 12 17 36 44 48
第58筆樂透: 04 06 17 19 20 28
第59筆樂透: 01 06 12 18 25 30
第60筆樂透: 08 17 28 30 43 48
第61筆樂透: 04 12 18 29 32 48
第62筆樂透: 01 03 26 30 34 43
第63筆樂透: 05 07 08 11 27 37
第64筆樂透: 09 13 24 25 27 31
第65筆樂透: 06 09 15 22 34 40
第66筆樂透: 12 14 19 20 24 34
第67筆樂透: 03 25 27 31 33 40
第68筆樂透: 07 10 12 15 25 26
第69筆樂透: 02 03 15 21 28 33
第70筆樂透: 04 13 15 28 35 49
第71筆樂透: 11 21 24 38 43 47
第72筆樂透: 08 10 16 21 24 38
第73筆樂透: 31 32 37 43 44 49
第74筆樂透: 01 13 17 32 33 36
第75筆樂透: 21 27 31 38 42 45
第76筆樂透: 05 11 18 36 45 47
第77筆樂透: 20 22 24 36 43 45
第78筆樂透: 10 11 14 30 33 44
第79筆樂透: 14 22 24 29 43 46
第80筆樂透: 04 06 08 16 45 48
第81筆樂透: 01 02 17 20 30 43
第82筆樂透: 07 10 16 24 43 46
第83筆樂透: 06 11 21 23 35 45
第84筆樂透: 06 13 15 20 23 49
第85筆樂透: 18 28 32 34 41 42
第86筆樂透: 10 18 20 39 46 48
第87筆樂透: 01 05 15 16 24 35
第88筆樂透: 02 05 10 19 27 35
第89筆樂透: 20 25 27 30 45 48
第90筆樂透: 03 10 11 21 27 49
第91筆樂透: 18 19 22 24 27 49
第92筆樂透: 26 29 36 39 41 48
第93筆樂透: 21 22 27 40 41 42
第94筆樂透: 14 16 21 29 44 47
第95筆樂透: 05 08 14 22 43 44
第96筆樂透: 05 07 18 20 32 49
第97筆樂透: 14 22 37 38 40 48
第98筆樂透: 03 07 17 31 47 48
第99筆樂透: 02 03 24 25 30 37
第100筆樂透: 10 11 18 31 36 45
