第1筆樂透: 01 07 15 16 29 47
第2筆樂透: 07 15 21 22 23 44
第3筆樂透: 01 04 11 19 20 41
第4筆樂透: 06 07 08 21 40 43
第5筆樂透: 03 15 23 24 37 46
第6筆樂透: 06 10 19 29 39 47
第7筆樂透: 01 12 15 21 28 39
第8筆樂透: 06 11 14 21 38 42
第9筆樂透: 02 05 14 15 21 30
第10筆樂透: 02 14 19 25 32 33
第11筆樂透: 04 15 16 20 39 44
第12筆樂透: 05 11 27 34 41 42
第13筆樂透: 01 03 20 35 43 46
第14筆樂透: 04 11 22 33 43 49
第15筆樂透: 07 17 24 33 38 43
第16筆樂透: 15 18 30 34 43 44
第17筆樂透: 08 19 22 27 31 49
第18筆樂透: 10 28 35 45 47 49
第19筆樂透: 07 22 23 29 31 48
第20筆樂透: 02 14 17 19 20 48
第21筆樂透: 04 11 16 32 36 45
第22筆樂透: 07 08 15 16 31 33
第23筆樂透: 08 26 32 39 45 47
第24筆樂透: 04 15 21 24 25 44
第25筆樂透: 01 25 27 31 46 47
第26筆樂透: 10 32 39 43 44 46
第27筆樂透: 03 25 27 28 30 49
第28筆樂透: 06 14 16 22 31 41
第29筆樂透: 04 06 16 25 34 49
第30筆樂透: 10 16 21 26 39 41
第31筆樂透: 02 07 08 13 24 28
第32筆樂透: 01 09 15 16 37 38
第33筆樂透: 18 22 36 40 42 46
第34筆樂透: 04 30 37 38 41 44
第35筆樂透: 01 11 29 41 44 45
第36筆樂透: 04 07 27 35 44 47
第37筆樂透: 09 14 22 28 29 47
第38筆樂透: 02 06 10 33 40 47
第39筆樂透: 02 13 14 24 45 48
第40筆樂透: 10 14 17 19 38 48
第41筆樂透: 05 22 23 25 28 44
第42筆樂透: 04 05 13 25 27 41
第43筆樂透: 03 29 32 38 41 46
第44筆樂透: 07 08 09 22 26 30
第45筆樂透: 08 14 19 20 33 39
第46筆樂透: 10 11 16 17 29 32
第47筆樂透: 03 06 08 14 29 43
第48筆樂透: 17 20 22 39 40 41
第49筆樂透: 02 07 11 26 47 49
第50筆樂透: 11 23 31 43 48 49
第51筆樂透: 08 10 18 25 26 37
第52筆樂透: 02 16 18 22 27 45
第53筆樂透: 04 05 16 27 30 37
第54筆樂透: 19 34 37 39 46 47
第55筆樂透: 15 16 18 21 23 28
第56筆樂透: 06 27 35 37 42 47
第57筆樂透: 17 24 28 29 44 47
第58筆樂透: 04 19 25 29 37 47
第59筆樂透: 13 19 22 30 35 48
第60筆樂透: 03 19 29 37 47 49
第61筆樂透: 06 23 31 34 42 46
第62筆樂透: 14 25 29 40 41 44
第63筆樂透: 15 22 29 36 42 47
第64筆樂透: 05 16 20 34 37 44
第65筆樂透: 03 09 18 30 40 45
第66筆樂透: 05 07 13 17 18 20
第67筆樂透: 04 05 13 18 21 29
第68筆樂透: 02 08 31 32 39 40
第69筆樂透: 16 19 22 31 41 49
第70筆樂透: 03 06 15 28 30 39
第71筆樂透: 05 16 21 23 34 35
第72筆樂透: 03 20 21 22 39 48
第73筆樂透: 01 19 21 28 32 37
第74筆樂透: 13 23 25 29 30 45
第75筆樂透: 01 04 09 10 12 23
第76筆樂透: 11 24 31 37 43 44
第77筆樂透: 21 35 37 38 39 48
第78筆樂透: 05 21 23 26 40 43
第79筆樂透: 02 06 21 22 33 47
第80筆樂透: 04 11 14 21 34 43
第81筆樂透: 05 11 13 19 33 47
第82筆樂透: 05 19 27 30 34 40
第83筆樂透: 05 27 31 35 39 41
第84筆樂透: 01 09 14 32 46 48
第85筆樂透: 08 19 29 42 43 46
第86筆樂透: 16 24 27 35 39 45
第87筆樂透: 01 14 39 44 45 49
第88筆樂透: 01 16 31 37 38 49
第89筆樂透: 02 04 14 15 41 46
第90筆樂透: 22 31 33 36 39 41
第91筆樂透: 04 07 13 14 18 31
第92筆樂透: 01 21 26 43 44 45
第93筆樂透: 12 13 25 26 30 32
第94筆樂透: 02 03 22 29 38 43
第95筆樂透: 01 06 14 16 42 46
第96筆樂透: 02 10 14 18 38 45
第97筆樂透: 08 19 23 25 39 41
第98筆樂透: 04 09 10 20 31 36
第99筆樂透: 14 17 19 32 41 42
第100筆樂透: 02 04 07 18 32 49
