第1筆樂透: 36 37 42 44 45 46
第2筆樂透: 03 08 13 29 32 47
第3筆樂透: 02 14 17 38 42 49
第4筆樂透: 06 12 26 27 38 40
第5筆樂透: 08 15 16 28 33 34
第6筆樂透: 01 06 10 20 35 46
第7筆樂透: 11 16 21 24 26 37
第8筆樂透: 01 05 06 12 27 39
第9筆樂透: 11 13 32 36 40 43
第10筆樂透: 05 20 21 26 27 42
第11筆樂透: 09 10 18 24 40 41
第12筆樂透: 01 15 16 23 29 37
第13筆樂透: 01 08 13 21 26 41
第14筆樂透: 05 24 27 37 39 48
第15筆樂透: 04 07 16 37 39 44
第16筆樂透: 06 21 25 28 33 42
第17筆樂透: 09 22 30 33 37 46
第18筆樂透: 17 18 25 33 35 36
第19筆樂透: 02 09 20 28 31 32
第20筆樂透: 02 12 16 17 36 40
第21筆樂透: 13 14 18 27 28 37
第22筆樂透: 04 16 23 24 34 35
第23筆樂透: 09 14 18 37 41 45
第24筆樂透: 07 10 24 25 37 43
第25筆樂透: 02 20 24 26 27 32
第26筆樂透: 02 07 09 14 17 33
第27筆樂透: 04 18 25 31 46 49
第28筆樂透: 09 29 33 34 40 41
第29筆樂透: 01 15 19 28 32 35
第30筆樂透: 12 23 25 36 40 41
第31筆樂透: 02 17 21 28 41 44
第32筆樂透: 03 05 08 27 41 49
第33筆樂透: 06 09 11 19 23 26
第34筆樂透: 04 09 11 12 23 30
第35筆樂透: 17 23 24 27 29 47
第36筆樂透: 07 08 12 26 48 49
第37筆樂透: 06 08 16 18 30 38
第38筆樂透: 04 09 21 36 43 48
第39筆樂透: 01 02 03 07 42 48
第40筆樂透: 03 24 28 39 45 48
第41筆樂透: 03 04 06 25 35 37
第42筆樂透: 08 09 13 14 15 21
第43筆樂透: 02 04 27 29 40 46
第44筆樂透: 02 06 14 19 26 41
第45筆樂透: 06 10 27 43 46 48
第46筆樂透: 19 21 32 39 48 49
第47筆樂透: 10 17 18 38 40 49
第48筆樂透: 09 15 16 30 32 40
第49筆樂透: 05 07 12 38 48 49
第50筆樂透: 01 09 35 37 40 47
第51筆樂透: 04 06 12 20 23 26
第52筆樂透: 03 04 05 21 35 47
第53筆樂透: 10 14 23 27 45 47
第54筆樂透: 08 09 10 12 21 43
第55筆樂透: 05 08 22 34 42 44
第56筆樂透: 01 16 18 23 36 48
第57筆樂透: 07 14 18 22 24 32
第58筆樂透: 21 25 30 40 48 49
第59筆樂透: 01 10 22 29 38 46
第60筆樂透: 14 19 21 35 40 43
第61筆樂透: 12 16 19 22 24 42
第62筆樂透: 09 10 22 25 31 33
第63筆樂透: 23 36 37 42 48 49
第64筆樂透: 16 18 21 28 29 47
第65筆樂透: 14 19 24 35 36 48
第66筆樂透: 09 11 16 22 31 36
第67筆樂透: 11 14 18 21 27 29
第68筆樂透: 13 28 35 36 39 42
第69筆樂透: 09 10 13 26 29 47
第70筆樂透: 05 08 16 27 34 48
第71筆樂透: 05 12 13 19 30 41
第72筆樂透: 18 28 31 32 41 49
第73筆樂透: 05 09 16 23 24 25
第74筆樂透: 06 07 08 20 25 29
第75筆樂透: 01 11 16 19 27 29
第76筆樂透: 01 27 29 34 40 47
第77筆樂透: 07 24 27 32 36 47
第78筆樂透: 01 06 16 21 37 44
第79筆樂透: 01 12 23 40 46 48
第80筆樂透: 01 06 31 34 36 39
第81筆樂透: 09 10 30 35 36 49
第82筆樂透: 26 27 30 32 33 38
第83筆樂透: 01 03 06 07 15 16
第84筆樂透: 24 25 29 35 36 41
第85筆樂透: 05 13 14 19 33 38
第86筆樂透: 01 10 11 30 33 46
第87筆樂透: 01 06 08 21 32 41
第88筆樂透: 04 06 16 22 27 38
第89筆樂透: 09 15 23 26 33 47
第90筆樂透: 01 08 16 17 45 49
第91筆樂透: 12 23 30 42 43 49
第92筆樂透: 02 11 24 27 33 49
第93筆樂透: 02 11 13 19 31 48
第94筆樂透: 08 11 13 27 40 47
第95筆樂透: 02 18 34 37 45 47
第96筆樂透: 06 15 20 32 38 43
第97筆樂透: 21 25 31 34 38 41
第98筆樂透: 05 16 18 29 38 43
第99筆樂透: 15 16 23 24 29 33
第100筆樂透: 12 18 25 26 32 40
