第1筆樂透: 03 07 13 17 32 36
第2筆樂透: 09 14 16 23 32 39
第3筆樂透: 02 03 06 22 38 40
第4筆樂透: 05 12 18 30 34 39
第5筆樂透: 03 07 10 24 35 46
第6筆樂透: 05 10 15 17 20 27
第7筆樂透: 16 26 28 33 42 48
第8筆樂透: 08 20 22 27 33 47
第9筆樂透: 11 14 24 27 30 35
第10筆樂透: 02 03 25 37 40 46
第11筆樂透: 03 04 05 07 21 47
第12筆樂透: 08 28 38 41 42 44
第13筆樂透: 04 06 12 24 25 33
第14筆樂透: 06 10 27 30 31 41
第15筆樂透: 10 12 35 38 40 47
第16筆樂透: 01 07 20 39 42 48
第17筆樂透: 07 21 23 29 44 47
第18筆樂透: 05 19 22 25 44 48
第19筆樂透: 07 14 16 30 41 49
第20筆樂透: 10 11 26 30 37 39
第21筆樂透: 07 12 13 34 41 42
第22筆樂透: 08 10 15 40 45 47
第23筆樂透: 06 17 25 29 32 34
第24筆樂透: 03 18 24 29 32 47
第25筆樂透: 12 13 20 34 41 45
第26筆樂透: 13 16 20 31 45 49
第27筆樂透: 06 25 29 33 38 39
第28筆樂透: 05 09 17 23 33 48
第29筆樂透: 19 21 29 33 41 44
第30筆樂透: 02 11 17 22 44 49
第31筆樂透: 10 12 32 35 44 49
第32筆樂透: 08 09 19 25 27 41
第33筆樂透: 05 10 31 37 38 45
第34筆樂透: 06 14 15 18 19 40
第35筆樂透: 04 06 09 33 44 49
第36筆樂透: 06 26 27 29 30 33
第37筆樂透: 07 13 18 30 38 48
第38筆樂透: 01 14 15 16 20 21
第39筆樂透: 02 15 17 38 45 48
第40筆樂透: 27 28 29 34 37 46
第41筆樂透: 21 29 30 37 44 47
第42筆樂透: 04 08 16 17 21 45
第43筆樂透: 09 13 19 24 35 48
第44筆樂透: 12 14 18 26 37 46
第45筆樂透: 05 19 21 25 26 39
第46筆樂透: 01 15 28 36 38 42
第47筆樂透: 05 11 27 29 38 42
第48筆樂透: 04 07 08 31 35 43
第49筆樂透: 02 13 19 25 30 41
第50筆樂透: 01 03 23 31 43 45
第51筆樂透: 09 12 21 30 32 33
第52筆樂透: 10 14 24 30 38 44
第53筆樂透: 12 18 30 31 41 46
第54筆樂透: 09 25 27 28 44 46
第55筆樂透: 03 12 13 25 36 47
第56筆樂透: 09 10 23 27 32 39
第57筆樂透: 05 15 19 39 41 42
第58筆樂透: 05 10 14 35 39 46
第59筆樂透: 02 14 15 25 35 36
第60筆樂透: 09 11 30 33 41 45
第61筆樂透: 05 11 15 33 41 43
第62筆樂透: 09 19 30 35 36 38
第63筆樂透: 05 11 33 37 43 45
第64筆樂透: 08 11 22 41 42 44
第65筆樂透: 13 26 27 30 37 39
第66筆樂透: 14 18 19 32 36 37
第67筆樂透: 04 08 21 30 31 41
第68筆樂透: 03 16 33 35 36 42
第69筆樂透: 05 18 22 25 27 36
第70筆樂透: 08 21 22 38 42 46
第71筆樂透: 04 05 11 25 44 47
第72筆樂透: 17 21 22 23 28 35
第73筆樂透: 02 04 05 22 33 40
第74筆樂透: 04 10 11 15 30 48
第75筆樂透: 02 11 14 19 27 45
第76筆樂透: 01 24 27 37 39 45
第77筆樂透: 07 19 20 33 40 41
第78筆樂透: 03 13 29 31 38 47
第79筆樂透: 07 09 15 19 20 36
第80筆樂透: 05 12 14 29 38 43
第81筆樂透: 05 07 16 42 47 48
第82筆樂透: 02 19 20 23 38 43
第83筆樂透: 12 25 32 33 35 41
第84筆樂透: 05 07 10 40 46 48
第85筆樂透: 17 24 25 31 33 39
第86筆樂透: 03 10 11 12 21 37
第87筆樂透: 03 16 30 34 43 47
第88筆樂透: 01 08 15 22 30 42
第89筆樂透: 04 05 06 08 29 40
第90筆樂透: 13 14 26 27 30 44
第91筆樂透: 07 21 27 36 40 42
第92筆樂透: 03 08 13 23 39 44
第93筆樂透: 02 18 19 27 45 48
第94筆樂透: 05 08 21 25 42 48
第95筆樂透: 01 35 36 42 43 45
第96筆樂透: 19 21 29 35 37 46
第97筆樂透: 06 07 28 39 41 42
第98筆樂透: 12 21 23 30 36 45
第99筆樂透: 09 13 32 38 43 49
第100筆樂透: 15 17 23 24 41 43
